20170409_000001,19.11,968.00,71.05
20170409_000031,19.12,968.03,71.01
20170409_000101,19.11,968.02,70.99
20170409_000131,19.11,967.98,71.05
20170409_000201,19.10,968.05,71.09
20170409_000231,19.10,968.02,71.07
20170409_000301,19.10,967.99,71.07
20170409_000332,19.10,967.98,71.05
20170409_000402,19.10,967.96,71.05
20170409_000432,19.10,968.05,71.04
20170409_000502,19.10,967.95,71.04
20170409_000532,19.08,968.00,71.12
20170409_000602,19.06,967.99,71.17
20170409_000632,19.06,967.93,71.11
20170409_000702,19.08,967.94,71.07
20170409_000732,19.08,967.94,71.06
20170409_000802,19.10,967.99,71.02
20170409_000832,19.09,967.92,71.02
20170409_000902,19.07,967.93,71.11
20170409_000932,19.07,967.94,71.07
20170409_001002,19.10,967.94,70.96
20170409_001032,19.10,967.97,70.93
20170409_001102,19.11,967.94,70.91
20170409_001132,19.09,967.92,70.94
20170409_001202,19.09,967.95,70.91
20170409_001232,19.10,967.95,70.85
20170409_001302,19.11,967.99,70.84
20170409_001332,19.12,967.95,70.79
20170409_001402,19.11,967.96,70.85
20170409_001432,19.11,967.92,70.77
20170409_001503,19.11,967.92,70.78
20170409_001533,19.12,967.95,70.76
20170409_001603,19.11,967.96,70.75
20170409_001633,19.12,967.92,70.75
20170409_001703,19.10,967.90,70.77
20170409_001733,19.09,967.92,70.79
20170409_001803,19.09,967.96,70.77
20170409_001833,19.10,967.91,70.74
20170409_001903,19.11,967.88,70.69
20170409_001933,19.11,967.87,70.72
20170409_002003,19.11,967.89,70.69
20170409_002033,19.11,967.92,70.67
20170409_002103,19.11,967.88,70.71
20170409_002133,19.10,967.95,70.76
20170409_002203,19.09,967.99,70.75
20170409_002233,19.11,967.89,70.77
20170409_002303,19.07,967.90,70.83
20170409_002333,19.08,967.89,70.84
20170409_002403,19.05,967.93,70.90
20170409_002433,19.05,967.93,70.90
20170409_002503,19.02,967.89,70.98
20170409_002533,19.03,967.95,70.99
20170409_002604,19.03,967.99,71.01
20170409_002634,19.03,967.95,71.03
20170409_002704,19.01,967.97,71.05
20170409_002734,19.00,967.99,71.09
20170409_002804,19.01,967.98,71.05
20170409_002834,19.01,967.94,71.05
20170409_002904,19.02,967.95,71.00
20170409_002934,19.04,967.91,70.90
20170409_003004,19.04,967.95,70.89
20170409_003034,19.04,967.93,70.87
20170409_003104,19.04,967.91,70.85
20170409_003134,19.06,968.11,70.82
20170409_003204,19.05,967.96,70.79
20170409_003234,19.05,967.97,70.80
20170409_003304,19.04,967.95,70.85
20170409_003334,19.02,967.94,70.91
20170409_003404,19.02,967.97,70.91
20170409_003434,19.00,967.90,70.96
20170409_003504,18.98,968.01,71.05
20170409_003534,18.96,968.01,71.08
20170409_003604,18.95,967.93,71.07
20170409_003634,18.95,967.95,71.09
20170409_003704,18.95,967.93,71.08
20170409_003735,18.94,967.93,71.11
20170409_003805,18.93,967.98,71.16
20170409_003835,18.88,967.93,71.25
20170409_003905,18.89,967.95,71.24
20170409_003935,18.85,967.96,71.33
20170409_004005,18.87,968.01,71.35
20170409_004035,18.85,967.98,71.36
20170409_004105,18.82,967.92,71.43
20170409_004135,18.81,967.92,71.46
20170409_004205,18.81,967.94,71.45
20170409_004235,18.82,967.93,71.45
20170409_004305,18.81,967.93,71.46
20170409_004335,18.80,967.91,71.46
20170409_004405,18.80,967.89,71.47
20170409_004435,18.78,967.88,71.49
20170409_004505,18.79,967.91,71.49
20170409_004535,18.79,967.85,71.50
20170409_004605,18.78,967.98,71.50
20170409_004635,18.78,967.93,71.49
20170409_004705,18.79,967.97,71.45
20170409_004735,18.76,967.92,71.52
20170409_004805,18.78,967.89,71.47
20170409_004835,18.78,967.88,71.47
20170409_004906,18.78,967.91,71.46
20170409_004936,18.78,967.87,71.47
20170409_005006,18.77,967.82,71.48
20170409_005036,18.76,967.80,71.49
20170409_005106,18.77,967.83,71.45
20170409_005136,18.76,967.82,71.48
20170409_005206,18.77,967.75,71.49
20170409_005236,18.76,967.75,71.49
20170409_005306,18.76,967.78,71.52
20170409_005336,18.74,967.83,71.57
20170409_005406,18.72,967.79,71.66
20170409_005436,18.70,967.84,71.71
20170409_005506,18.70,967.80,71.73
20170409_005536,18.71,967.85,71.73
20170409_005606,18.72,967.80,71.68
20170409_005636,18.74,967.77,71.61
20170409_005706,18.75,967.77,71.58
20170409_005736,18.74,967.72,71.62
20170409_005806,18.75,967.73,71.61
20170409_005836,18.75,967.77,71.60
20170409_005906,18.76,967.75,71.59
20170409_005936,18.74,967.78,71.63
20170409_010006,18.74,967.77,71.57
20170409_010037,18.75,967.79,71.57
20170409_010107,18.73,967.74,71.58
20170409_010137,18.73,967.73,71.58
20170409_010207,18.72,967.72,71.60
20170409_010237,18.70,967.68,71.62
20170409_010307,18.68,967.72,71.66
20170409_010337,18.69,967.77,71.66
20170409_010407,18.70,967.73,71.67
20170409_010437,18.70,967.76,71.65
20170409_010507,18.70,967.75,71.65
20170409_010537,18.71,967.73,71.61
20170409_010607,18.71,967.77,71.60
20170409_010637,18.70,967.75,71.63
20170409_010707,18.68,967.74,71.66
20170409_010737,18.68,967.72,71.68
20170409_010807,18.68,967.74,71.68
20170409_010837,18.67,967.79,71.71
20170409_010907,18.66,967.72,71.71
20170409_010937,18.65,967.71,71.73
20170409_011007,18.63,967.70,71.79
20170409_011037,18.60,967.63,71.87
20170409_011107,18.63,967.73,71.85
20170409_011137,18.63,967.74,71.86
20170409_011208,18.64,967.71,71.85
20170409_011238,18.63,967.73,71.84
20170409_011308,18.62,967.64,71.84
20170409_011338,18.60,967.73,71.88
20170409_011408,18.61,967.61,71.87
20170409_011438,18.56,967.61,71.98
20170409_011508,18.55,967.69,72.02
20170409_011538,18.55,967.71,72.05
20170409_011608,18.55,967.69,72.04
20170409_011638,18.56,967.70,72.05
20170409_011708,18.53,967.66,72.08
20170409_011738,18.50,967.62,72.16
20170409_011808,18.48,967.58,72.17
20170409_011838,18.49,967.56,72.20
20170409_011908,18.48,967.63,72.17
20170409_011938,18.49,967.59,72.15
20170409_012008,18.48,967.62,72.21
20170409_012038,18.48,967.64,72.20
20170409_012108,18.49,967.60,72.19
20170409_012138,18.47,967.53,72.25
20170409_012208,18.47,967.54,72.27
20170409_012238,18.48,967.56,72.24
20170409_012308,18.46,967.59,72.29
20170409_012339,18.46,967.54,72.28
20170409_012409,18.46,967.58,72.29
20170409_012439,18.47,967.54,72.22
20170409_012509,18.47,967.50,72.21
20170409_012539,18.46,967.59,72.25
20170409_012609,18.47,967.58,72.25
20170409_012639,18.46,967.46,72.25
20170409_012709,18.46,967.61,72.29
20170409_012739,18.46,967.49,72.28
20170409_012809,18.46,967.50,72.28
20170409_012839,18.45,967.48,72.30
20170409_012909,18.42,967.52,72.38
20170409_012939,18.42,967.49,72.39
20170409_013009,18.40,967.51,72.46
20170409_013039,18.42,967.53,72.39
20170409_013109,18.40,967.51,72.42
20170409_013139,18.40,967.43,72.41
20170409_013209,18.37,967.52,72.47
20170409_013239,18.37,967.47,72.53
20170409_013309,18.38,967.49,72.46
20170409_013339,18.38,967.43,72.45
20170409_013409,18.37,967.46,72.46
20170409_013440,18.39,967.43,72.46
20170409_013510,18.40,967.47,72.42
20170409_013540,18.39,967.47,72.44
20170409_013610,18.38,967.44,72.47
20170409_013640,18.36,967.44,72.50
20170409_013710,18.38,967.44,72.49
20170409_013740,18.37,967.42,72.47
20170409_013810,18.36,967.44,72.54
20170409_013840,18.39,967.44,72.45
20170409_013910,18.39,967.44,72.45
20170409_013940,18.37,967.44,72.48
20170409_014010,18.36,967.43,72.50
20170409_014040,18.35,967.49,72.57
20170409_014110,18.35,967.46,72.58
20170409_014140,18.35,967.40,72.59
20170409_014210,18.33,967.38,72.62
20170409_014240,18.33,967.41,72.64
20170409_014310,18.32,967.34,72.66
20170409_014340,18.32,967.39,72.65
20170409_014410,18.32,967.33,72.66
20170409_014441,18.29,967.44,72.72
20170409_014511,18.31,967.38,72.70
20170409_014541,18.32,967.36,72.66
20170409_014611,18.28,967.40,72.73
20170409_014641,18.28,967.40,72.78
20170409_014711,18.28,967.41,72.78
20170409_014741,18.30,967.42,72.72
20170409_014811,18.27,967.43,72.78
20170409_014841,18.30,967.42,72.72
20170409_014911,18.28,967.44,72.71
20170409_014941,18.27,967.39,72.77
20170409_015011,18.28,967.39,72.74
20170409_015041,18.27,967.45,72.74
20170409_015111,18.25,967.42,72.76
20170409_015141,18.25,967.37,72.79
20170409_015211,18.26,967.40,72.74
20170409_015241,18.27,967.38,72.71
20170409_015311,18.28,967.39,72.67
20170409_015341,18.24,967.39,72.74
20170409_015411,18.22,967.37,72.81
20170409_015441,18.20,967.34,72.86
20170409_015512,18.21,967.33,72.84
20170409_015542,18.23,967.29,72.79
20170409_015612,18.20,967.31,72.83
20170409_015642,18.20,967.31,72.85
20170409_015712,18.19,967.30,72.88
20170409_015742,18.15,967.32,72.96
20170409_015812,18.16,967.25,72.98
20170409_015842,18.14,967.24,73.02
20170409_015912,18.12,967.32,73.08
20170409_015942,18.14,967.34,73.06
20170409_020012,18.13,967.28,73.06
20170409_020042,18.12,967.21,73.06
20170409_020112,18.12,967.23,73.10
20170409_020142,18.12,967.27,73.10
20170409_020212,18.11,967.30,73.12
20170409_020242,18.11,967.26,73.13
20170409_020312,18.11,967.22,73.09
20170409_020342,18.10,967.24,73.14
20170409_020412,18.08,967.22,73.19
20170409_020442,18.06,967.22,73.27
20170409_020512,18.07,967.26,73.22
20170409_020542,18.08,967.28,73.20
20170409_020613,18.08,967.24,73.19
20170409_020643,18.05,967.26,73.28
20170409_020713,18.02,967.28,73.38
20170409_020743,18.02,967.23,73.42
20170409_020813,18.03,967.25,73.37
20170409_020843,18.00,967.29,73.47
20170409_020913,18.00,967.24,73.47
20170409_020943,18.00,967.20,73.48
20170409_021013,18.00,967.15,73.47
20170409_021043,17.99,967.19,73.49
20170409_021113,17.98,967.26,73.54
20170409_021143,17.98,967.18,73.57
20170409_021213,17.97,967.19,73.58
20170409_021243,17.95,967.14,73.64
20170409_021313,17.97,967.17,73.64
20170409_021343,17.95,967.16,73.64
20170409_021413,17.93,967.11,73.71
20170409_021443,17.93,967.18,73.73
20170409_021513,17.94,967.13,73.71
20170409_021543,17.95,967.12,73.67
20170409_021613,17.94,967.14,73.70
20170409_021643,17.95,967.17,73.68
20170409_021714,17.94,967.12,73.69
20170409_021744,17.92,967.12,73.78
20170409_021814,17.93,967.12,73.75
20170409_021844,17.90,967.10,73.85
20170409_021914,17.89,967.11,73.90
20170409_021944,17.93,967.16,73.84
20170409_022014,17.94,967.12,73.80
20170409_022044,17.94,967.14,73.80
20170409_022114,17.91,967.16,73.89
20170409_022144,17.94,967.13,73.83
20170409_022214,17.91,967.11,73.88
20170409_022244,17.92,967.08,73.89
20170409_022314,17.90,967.11,73.93
20170409_022344,17.92,967.10,73.91
20170409_022414,17.92,967.06,73.92
20170409_022444,17.90,967.06,73.96
20170409_022514,17.88,967.10,73.99
20170409_022544,17.88,967.11,74.04
20170409_022614,17.87,967.05,74.05
20170409_022644,17.87,967.08,74.06
20170409_022714,17.86,967.08,74.08
20170409_022745,17.85,967.04,74.15
20170409_022815,17.85,967.01,74.16
20170409_022845,17.85,967.07,74.15
20170409_022915,17.83,967.05,74.19
20170409_022945,17.87,967.05,74.11
20170409_023015,17.86,967.00,74.11
20170409_023045,17.86,967.05,74.13
20170409_023115,17.84,967.01,74.18
20170409_023145,17.83,967.03,74.21
20170409_023215,17.84,966.95,74.21
20170409_023245,17.82,966.96,74.30
20170409_023315,17.80,966.98,74.37
20170409_023345,17.81,966.97,74.36
20170409_023415,17.81,967.01,74.37
20170409_023445,17.81,966.92,74.36
20170409_023515,17.83,966.96,74.35
20170409_023545,17.81,967.00,74.41
20170409_023615,17.79,966.94,74.45
20170409_023645,17.79,966.95,74.49
20170409_023715,17.80,966.92,74.46
20170409_023745,17.77,966.88,74.56
20170409_023815,17.79,966.97,74.53
20170409_023846,17.79,966.97,74.56
20170409_023916,17.78,966.98,74.55
20170409_023946,17.80,966.93,74.53
20170409_024016,17.79,966.94,74.58
20170409_024046,17.79,966.94,74.57
20170409_024116,17.77,966.95,74.65
20170409_024146,17.78,966.95,74.64
20170409_024216,17.77,966.91,74.66
20170409_024246,17.78,966.92,74.67
20170409_024316,17.77,966.91,74.71
20170409_024346,17.78,966.86,74.71
20170409_024416,17.77,966.86,74.70
20170409_024446,17.77,966.87,74.69
20170409_024516,17.78,966.89,74.67
20170409_024546,17.77,966.91,74.71
20170409_024616,17.76,966.84,74.74
20170409_024646,17.77,966.96,74.69
20170409_024716,17.78,966.94,74.67
20170409_024746,17.78,966.91,74.69
20170409_024816,17.78,966.83,74.68
20170409_024846,17.81,966.93,74.66
20170409_024916,17.78,966.87,74.67
20170409_024947,17.79,966.85,74.65
20170409_025017,17.81,966.84,74.64
20170409_025047,17.77,966.84,74.71
20170409_025117,17.77,966.82,74.72
20170409_025147,17.78,966.81,74.72
20170409_025217,17.77,966.86,74.75
20170409_025247,17.73,966.82,74.84
20170409_025317,17.72,966.90,74.89
20170409_025347,17.72,966.86,74.88
20170409_025417,17.73,966.88,74.88
20170409_025447,17.74,966.87,74.86
20170409_025517,17.73,966.88,74.90
20170409_025547,17.74,966.87,74.88
20170409_025617,17.73,966.98,74.89
20170409_025647,17.74,966.86,74.88
20170409_025717,17.73,966.86,74.91
20170409_025747,17.73,966.90,74.94
20170409_025817,17.71,966.95,75.01
20170409_025847,17.71,966.91,75.03
20170409_025917,17.71,966.85,75.03
20170409_025947,17.71,966.82,75.03
20170409_030018,17.70,966.84,75.04
20170409_030048,17.71,966.82,75.02
20170409_030118,17.71,966.81,75.05
20170409_030148,17.70,966.75,75.05
20170409_030218,17.69,966.81,75.09
20170409_030248,17.68,966.90,75.15
20170409_030318,17.68,966.80,75.15
20170409_030348,17.67,966.87,75.13
20170409_030418,17.67,966.81,75.18
20170409_030448,17.67,966.80,75.19
20170409_030518,17.67,966.84,75.18
20170409_030548,17.65,966.76,75.24
20170409_030618,17.64,966.81,75.30
20170409_030648,17.62,966.81,75.35
20170409_030718,17.64,966.75,75.36
20170409_030748,17.64,966.77,75.32
20170409_030818,17.61,966.79,75.39
20170409_030848,17.60,966.81,75.45
20170409_030918,17.61,966.77,75.45
20170409_030948,17.61,966.78,75.45
20170409_031018,17.61,966.80,75.46
20170409_031048,17.61,966.79,75.46
20170409_031119,17.60,966.70,75.45
20170409_031149,17.60,966.81,75.51
20170409_031219,17.59,966.80,75.55
20170409_031249,17.55,966.77,75.61
20170409_031319,17.55,966.81,75.63
20170409_031349,17.55,966.82,75.68
20170409_031419,17.55,966.74,75.66
20170409_031449,17.54,966.79,75.71
20170409_031519,17.54,966.82,75.71
20170409_031549,17.54,966.81,75.72
20170409_031619,17.53,966.79,75.73
20170409_031649,17.54,966.74,75.73
20170409_031719,17.54,966.83,75.73
20170409_031749,17.53,966.81,75.77
20170409_031819,17.53,966.82,75.84
20170409_031849,17.53,966.76,75.81
20170409_031919,17.54,966.80,75.80
20170409_031949,17.52,966.77,75.85
20170409_032019,17.53,966.79,75.83
20170409_032049,17.50,966.77,75.89
20170409_032119,17.49,966.84,75.93
20170409_032149,17.50,966.81,75.96
20170409_032220,17.50,966.79,75.94
20170409_032250,17.52,966.77,75.92
20170409_032320,17.52,966.84,75.91
20170409_032350,17.53,966.75,75.89
20170409_032420,17.52,966.81,75.88
20170409_032450,17.51,966.77,75.91
20170409_032520,17.51,966.79,75.91
20170409_032550,17.51,966.82,75.96
20170409_032620,17.50,966.81,76.00
20170409_032650,17.49,966.80,76.04
20170409_032720,17.48,966.84,76.07
20170409_032750,17.48,966.80,76.09
20170409_032820,17.50,966.77,76.05
20170409_032850,17.49,966.78,76.07
20170409_032920,17.49,966.80,76.08
20170409_032950,17.48,966.78,76.13
20170409_033020,17.48,966.75,76.15
20170409_033050,17.49,966.73,76.11
20170409_033120,17.49,966.77,76.12
20170409_033150,17.49,966.80,76.15
20170409_033220,17.48,966.78,76.19
20170409_033250,17.47,966.79,76.24
20170409_033321,17.47,966.70,76.24
20170409_033351,17.46,966.74,76.23
20170409_033421,17.46,966.73,76.26
20170409_033451,17.47,966.75,76.25
20170409_033521,17.48,966.77,76.22
20170409_033551,17.48,966.70,76.21
20170409_033621,17.47,966.69,76.25
20170409_033651,17.46,966.68,76.27
20170409_033721,17.46,966.76,76.29
20170409_033751,17.47,966.77,76.29
20170409_033821,17.47,966.80,76.29
20170409_033851,17.46,966.82,76.33
20170409_033921,17.47,966.79,76.34
20170409_033951,17.46,966.80,76.36
20170409_034021,17.45,966.81,76.41
20170409_034051,17.43,966.78,76.51
20170409_034121,17.45,966.83,76.47
20170409_034151,17.44,966.81,76.50
20170409_034221,17.45,966.77,76.45
20170409_034251,17.43,966.76,76.54
20170409_034321,17.44,966.77,76.51
20170409_034352,17.45,966.71,76.50
20170409_034422,17.44,966.80,76.53
20170409_034452,17.44,966.77,76.53
20170409_034522,17.45,966.71,76.53
20170409_034552,17.44,966.76,76.53
20170409_034622,17.45,966.77,76.53
20170409_034652,17.45,966.71,76.53
20170409_034722,17.45,966.73,76.55
20170409_034752,17.46,966.70,76.56
20170409_034822,17.43,966.73,76.62
20170409_034852,17.42,966.73,76.67
20170409_034922,17.41,966.76,76.72
20170409_034952,17.44,966.72,76.65
20170409_035022,17.45,966.76,76.65
20170409_035052,17.45,966.72,76.64
20170409_035122,17.43,966.72,76.70
20170409_035152,17.43,966.73,76.73
20170409_035222,17.40,966.78,76.79
20170409_035252,17.40,966.77,76.77
20170409_035322,17.40,966.77,76.82
20170409_035352,17.38,966.82,76.88
20170409_035422,17.39,966.78,76.84
20170409_035453,17.39,966.78,76.87
20170409_035523,17.38,966.79,76.90
20170409_035553,17.38,966.81,76.90
20170409_035623,17.37,966.78,76.88
20170409_035653,17.37,966.78,76.94
20170409_035723,17.37,966.77,76.92
20170409_035753,17.36,966.73,76.97
20170409_035823,17.36,966.73,76.97
20170409_035853,17.35,966.67,76.99
20170409_035923,17.34,966.68,77.04
20170409_035953,17.36,966.69,77.00
20170409_040023,17.36,966.68,76.98
20170409_040053,17.35,966.70,77.04
20170409_040123,17.33,966.67,77.07
20170409_040153,17.31,966.66,77.14
20170409_040223,17.32,966.69,77.09
20170409_040253,17.32,966.72,77.12
20170409_040323,17.31,966.74,77.16
20170409_040353,17.30,966.78,77.21
20170409_040423,17.30,966.73,77.21
20170409_040453,17.30,966.72,77.20
20170409_040523,17.28,966.70,77.31
20170409_040554,17.29,966.77,77.26
20170409_040624,17.27,966.79,77.33
20170409_040654,17.28,966.79,77.33
20170409_040724,17.28,966.76,77.30
20170409_040754,17.27,966.77,77.34
20170409_040824,17.27,966.76,77.37
20170409_040854,17.25,966.78,77.41
20170409_040924,17.25,966.77,77.40
20170409_040954,17.26,966.75,77.39
20170409_041024,17.26,966.75,77.39
20170409_041054,17.28,966.77,77.37
20170409_041124,17.29,966.75,77.33
20170409_041154,17.25,966.81,77.41
20170409_041224,17.24,966.85,77.45
20170409_041254,17.24,966.79,77.51
20170409_041324,17.22,966.83,77.53
20170409_041354,17.22,966.82,77.51
20170409_041424,17.23,966.79,77.50
20170409_041454,17.20,966.70,77.60
20170409_041524,17.20,966.76,77.63
20170409_041554,17.21,966.77,77.63
20170409_041624,17.19,966.77,77.68
20170409_041655,17.16,966.78,77.81
20170409_041725,17.16,966.80,77.82
20170409_041755,17.16,966.76,77.82
20170409_041825,17.15,966.85,77.85
20170409_041855,17.16,966.81,77.80
20170409_041925,17.17,966.88,77.79
20170409_041955,17.15,966.85,77.79
20170409_042025,17.12,966.88,77.90
20170409_042055,17.12,966.83,77.91
20170409_042125,17.09,966.83,78.02
20170409_042155,17.09,966.77,78.02
20170409_042225,17.08,966.81,78.05
20170409_042255,17.05,966.83,78.18
20170409_042325,17.08,966.83,78.13
20170409_042355,17.08,966.83,78.09
20170409_042425,17.06,966.84,78.14
20170409_042455,17.05,966.77,78.21
20170409_042525,17.04,966.81,78.24
20170409_042555,17.03,966.86,78.30
20170409_042625,17.02,966.82,78.35
20170409_042655,17.02,966.81,78.32
20170409_042726,17.02,966.91,78.34
20170409_042756,17.01,966.89,78.37
20170409_042826,17.01,966.88,78.39
20170409_042856,17.01,966.87,78.40
20170409_042926,17.00,966.88,78.42
20170409_042956,16.98,966.84,78.47
20170409_043026,16.98,966.88,78.44
20170409_043056,16.96,966.89,78.51
20170409_043126,16.96,966.88,78.58
20170409_043156,16.97,966.94,78.56
20170409_043226,16.96,966.87,78.57
20170409_043256,16.95,966.86,78.70
20170409_043326,16.95,966.89,78.70
20170409_043356,16.93,966.83,78.76
20170409_043426,16.92,966.87,78.80
20170409_043456,16.91,966.89,78.80
20170409_043526,16.90,966.85,78.88
20170409_043556,16.88,966.82,78.89
20170409_043626,16.89,966.77,78.85
20170409_043656,16.88,966.85,78.87
20170409_043726,16.86,966.80,78.99
20170409_043756,16.85,966.77,79.01
20170409_043827,16.84,966.80,79.06
20170409_043857,16.84,966.88,79.11
20170409_043927,16.83,966.76,79.13
20170409_043957,16.83,966.75,79.14
20170409_044027,16.82,966.81,79.15
20170409_044057,16.82,966.80,79.20
20170409_044127,16.81,966.80,79.19
20170409_044157,16.81,966.82,79.20
20170409_044227,16.81,966.77,79.23
20170409_044257,16.81,966.83,79.26
20170409_044327,16.82,966.81,79.21
20170409_044357,16.80,966.81,79.18
20170409_044427,16.79,966.82,79.20
20170409_044457,16.80,966.82,79.21
20170409_044527,16.79,966.79,79.21
20170409_044557,16.77,966.84,79.30
20170409_044627,16.76,966.81,79.38
20170409_044657,16.76,966.79,79.39
20170409_044727,16.76,966.88,79.37
20170409_044757,16.76,966.89,79.47
20170409_044827,16.77,966.91,79.43
20170409_044857,16.76,966.87,79.47
20170409_044928,16.75,966.87,79.49
20170409_044958,16.76,966.86,79.47
20170409_045028,16.75,966.86,79.41
20170409_045058,16.75,966.85,79.44
20170409_045128,16.75,966.84,79.48
20170409_045158,16.75,966.86,79.51
20170409_045228,16.74,966.87,79.50
20170409_045258,16.75,966.82,79.51
20170409_045328,16.75,966.84,79.50
20170409_045358,16.75,966.82,79.51
20170409_045428,16.74,966.88,79.56
20170409_045458,16.74,966.88,79.59
20170409_045528,16.74,966.88,79.57
20170409_045558,16.74,966.88,79.53
20170409_045628,16.72,966.98,79.57
20170409_045658,16.72,966.93,79.65
20170409_045728,16.72,966.89,79.62
20170409_045758,16.72,966.90,79.67
20170409_045828,16.71,966.91,79.75
20170409_045858,16.71,966.93,79.72
20170409_045928,16.71,966.95,79.74
20170409_045959,16.69,966.94,79.81
20170409_050029,16.67,966.95,79.85
20170409_050059,16.66,966.90,79.95
20170409_050129,16.67,966.90,79.97
20170409_050159,16.68,966.90,79.91
20170409_050229,16.68,966.89,79.89
20170409_050259,16.69,966.90,79.93
20170409_050329,16.68,966.85,79.91
20170409_050359,16.70,966.93,79.90
20170409_050429,16.70,966.85,79.86
20170409_050459,16.67,966.85,79.94
20170409_050529,16.69,966.80,79.96
20170409_050559,16.68,966.85,80.01
20170409_050629,16.68,966.84,80.05
20170409_050659,16.69,966.86,80.00
20170409_050729,16.67,966.84,80.03
20170409_050759,16.68,966.81,80.04
20170409_050829,16.68,966.81,80.05
20170409_050859,16.66,966.85,80.07
20170409_050929,16.64,966.82,80.16
20170409_050959,16.66,966.82,80.16
20170409_051029,16.68,966.84,80.12
20170409_051100,16.68,966.85,80.03
20170409_051130,16.69,966.86,79.99
20170409_051200,16.67,966.84,80.06
20170409_051230,16.67,966.84,80.11
20170409_051300,16.70,966.84,80.03
20170409_051330,16.69,966.90,80.08
20170409_051400,16.68,966.88,80.15
20170409_051430,16.67,966.86,80.17
20170409_051500,16.67,966.88,80.18
20170409_051530,16.68,966.85,80.18
20170409_051600,16.69,966.88,80.15
20170409_051630,16.69,966.85,80.18
20170409_051700,16.68,966.83,80.21
20170409_051730,16.69,966.86,80.21
20170409_051800,16.68,966.87,80.25
20170409_051830,16.68,966.85,80.27
20170409_051900,16.68,966.86,80.26
20170409_051930,16.68,966.90,80.31
20170409_052000,16.67,966.85,80.33
20170409_052030,16.67,966.98,80.26
20170409_052100,16.69,966.89,80.25
20170409_052130,16.67,966.89,80.33
20170409_052201,16.67,966.91,80.35
20170409_052231,16.67,966.90,80.34
20170409_052301,16.67,966.94,80.38
20170409_052331,16.67,966.95,80.40
20170409_052401,16.67,966.92,80.41
20170409_052431,16.68,966.96,80.41
20170409_052501,16.67,966.97,80.42
20170409_052531,16.67,966.95,80.40
20170409_052601,16.68,966.97,80.38
20170409_052631,16.67,967.03,80.41
20170409_052701,16.67,966.90,80.44
20170409_052731,16.66,966.93,80.45
20170409_052801,16.68,966.95,80.44
20170409_052831,16.66,966.91,80.52
20170409_052901,16.64,966.87,80.57
20170409_052931,16.64,966.89,80.63
20170409_053002,16.67,966.84,80.58
20170409_053032,16.65,966.76,80.62
20170409_053102,16.63,966.73,80.77
20170409_053132,16.64,966.76,80.76
20170409_053202,16.64,966.80,80.76
20170409_053232,16.64,966.85,80.76
20170409_053302,16.62,966.88,80.81
20170409_053332,16.60,966.87,80.92
20170409_053402,16.61,966.98,80.87
20170409_053432,16.62,967.01,80.85
20170409_053502,16.62,966.95,80.90
20170409_053532,16.63,966.90,80.88
20170409_053602,16.63,966.93,80.91
20170409_053633,16.63,966.88,80.91
20170409_053703,16.63,966.96,80.91
20170409_053733,16.63,966.84,81.02
20170409_053803,16.62,966.95,81.04
20170409_053833,16.63,966.88,81.01
20170409_053903,16.64,966.91,81.07
20170409_053933,16.64,966.87,81.01
20170409_054003,16.65,966.95,80.96
20170409_054033,16.66,966.90,80.97
20170409_054103,16.63,966.92,81.03
20170409_054133,16.64,966.91,81.01
20170409_054203,16.63,966.89,81.08
20170409_054233,16.63,966.90,81.07
20170409_054303,16.63,966.93,81.10
20170409_054333,16.64,966.82,81.10
20170409_054403,16.62,966.95,81.14
20170409_054433,16.63,966.89,81.14
20170409_054503,16.60,966.98,81.24
20170409_054533,16.59,966.99,81.32
20170409_054603,16.60,966.95,81.32
20170409_054633,16.61,966.92,81.28
20170409_054703,16.61,966.97,81.29
20170409_054734,16.59,966.99,81.39
20170409_054804,16.61,966.97,81.43
20170409_054834,16.60,966.98,81.43
20170409_054904,16.60,966.97,81.47
20170409_054934,16.61,967.02,81.47
20170409_055004,16.61,967.05,81.42
20170409_055034,16.61,967.02,81.43
20170409_055104,16.62,967.01,81.39
20170409_055134,16.62,967.04,81.41
20170409_055204,16.61,967.00,81.38
20170409_055234,16.61,967.04,81.52
20170409_055304,16.62,966.98,81.50
20170409_055334,16.59,966.97,81.53
20170409_055404,16.61,966.96,81.51
20170409_055434,16.60,966.96,81.62
20170409_055504,16.61,966.93,81.61
20170409_055534,16.60,966.99,81.56
20170409_055604,16.60,966.98,81.62
20170409_055634,16.62,967.02,81.62
20170409_055704,16.61,967.05,81.58
20170409_055734,16.59,967.00,81.72
20170409_055804,16.59,967.00,81.77
20170409_055835,16.61,966.99,81.74
20170409_055905,16.60,967.06,81.75
20170409_055935,16.63,967.05,81.71
20170409_060005,16.61,967.01,81.76
20170409_060035,16.60,967.02,81.78
20170409_060105,16.59,966.97,81.85
20170409_060135,16.57,967.01,81.93
20170409_060205,16.58,967.00,81.92
20170409_060235,16.59,967.07,81.91
20170409_060305,16.61,967.06,81.83
20170409_060335,16.61,967.08,81.86
20170409_060405,16.62,967.10,81.87
20170409_060435,16.62,967.18,81.85
20170409_060505,16.62,967.17,81.87
20170409_060535,16.63,967.18,81.90
20170409_060605,16.63,967.12,81.93
20170409_060635,16.63,967.16,81.97
20170409_060705,16.64,967.15,81.92
20170409_060735,16.65,967.09,81.93
20170409_060805,16.66,967.09,81.91
20170409_060835,16.67,967.09,81.87
20170409_060905,16.66,967.11,81.92
20170409_060936,16.65,967.11,81.96
20170409_061006,16.63,967.15,82.09
20170409_061036,16.65,967.20,81.99
20170409_061106,16.67,967.19,82.01
20170409_061136,16.66,967.16,81.97
20170409_061206,16.66,967.20,82.00
20170409_061236,16.68,967.17,81.99
20170409_061306,16.69,967.26,81.95
20170409_061336,16.69,967.21,81.99
20170409_061406,16.70,967.19,81.92
20170409_061436,16.70,967.24,81.88
20170409_061506,16.71,967.21,81.86
20170409_061536,16.70,967.16,81.88
20170409_061606,16.71,967.25,81.88
20170409_061636,16.71,967.18,81.94
20170409_061706,16.71,967.18,81.92
20170409_061736,16.72,967.18,81.92
20170409_061806,16.72,967.13,81.91
20170409_061836,16.72,967.16,81.89
20170409_061906,16.72,967.17,81.89
20170409_061936,16.71,967.16,81.92
20170409_062006,16.71,967.16,81.94
20170409_062037,16.71,967.12,81.94
20170409_062107,16.72,967.22,81.92
20170409_062137,16.72,967.25,81.94
20170409_062207,16.71,967.22,81.92
20170409_062237,16.71,967.25,81.93
20170409_062307,16.71,967.26,81.89
20170409_062337,16.70,967.29,81.91
20170409_062407,16.71,967.27,81.94
20170409_062437,16.69,967.28,81.98
20170409_062507,16.69,967.31,81.93
20170409_062537,16.69,967.28,81.99
20170409_062607,16.68,967.30,82.03
20170409_062637,16.70,967.31,81.97
20170409_062707,16.71,967.30,81.95
20170409_062737,16.71,967.35,81.96
20170409_062807,16.71,967.33,81.95
20170409_062837,16.70,967.27,81.94
20170409_062907,16.70,967.23,81.96
20170409_062937,16.68,967.27,82.03
20170409_063007,16.69,967.28,82.07
20170409_063037,16.70,967.20,82.02
20170409_063108,16.69,967.24,82.04
20170409_063138,16.68,967.23,82.05
20170409_063208,16.65,967.25,82.11
20170409_063238,16.65,967.29,82.19
20170409_063308,16.65,967.29,82.19
20170409_063338,16.66,967.27,82.15
20170409_063408,16.65,967.28,82.21
20170409_063438,16.65,967.29,82.23
20170409_063508,16.64,967.26,82.24
20170409_063538,16.66,967.23,82.21
20170409_063608,16.70,967.30,82.12
20170409_063638,16.68,967.26,82.14
20170409_063708,16.70,967.26,82.14
20170409_063738,16.70,967.27,82.18
20170409_063808,16.72,967.26,82.11
20170409_063838,16.72,967.25,82.10
20170409_063908,16.73,967.29,82.06
20170409_063938,16.74,967.28,82.01
20170409_064008,16.74,967.29,82.02
20170409_064038,16.75,967.31,82.05
20170409_064108,16.77,967.32,82.00
20170409_064138,16.78,967.32,82.00
20170409_064209,16.78,967.31,81.97
20170409_064239,16.80,967.34,81.96
20170409_064309,16.80,967.35,81.94
20170409_064339,16.81,967.33,81.90
20170409_064409,16.84,967.37,81.86
20170409_064439,16.83,967.43,81.90
20170409_064509,16.85,967.41,81.85
20170409_064539,16.85,967.43,81.86
20170409_064609,16.88,967.46,81.77
20170409_064639,16.87,967.50,81.82
20170409_064709,16.88,967.47,81.86
20170409_064739,16.91,967.44,81.81
20170409_064809,16.94,967.47,81.70
20170409_064839,16.97,967.48,81.70
20170409_064909,17.01,967.47,81.59
20170409_064939,17.01,967.45,81.56
20170409_065009,17.02,967.39,81.51
20170409_065039,17.04,967.40,81.53
20170409_065109,17.06,967.43,81.47
20170409_065139,17.09,967.39,81.42
20170409_065209,17.12,967.43,81.33
20170409_065239,17.15,967.39,81.21
20170409_065310,17.17,967.38,81.13
20170409_065340,17.16,967.36,81.21
20170409_065410,17.20,967.33,81.10
20170409_065440,17.21,967.40,81.08
20170409_065510,17.24,967.31,80.99
20170409_065540,17.26,967.33,80.88
20170409_065610,17.30,967.26,80.79
20170409_065640,17.36,967.29,80.65
20170409_065710,17.43,967.30,80.41
20170409_065740,17.48,967.27,80.20
20170409_065810,17.45,967.30,80.25
20170409_065840,17.43,967.35,80.28
20170409_065910,17.44,967.36,80.30
20170409_065940,17.45,967.39,80.34
20170409_070010,17.45,967.39,80.27
20170409_070040,17.44,967.41,80.31
20170409_070110,17.44,967.51,80.37
20170409_070140,17.44,967.48,80.41
20170409_070210,17.45,967.50,80.38
20170409_070240,17.49,967.52,80.29
20170409_070310,17.56,967.49,80.14
20170409_070341,17.54,967.55,80.16
20170409_070411,17.59,967.57,80.12
20170409_070441,17.55,967.51,80.14
20170409_070511,17.55,967.54,80.20
20170409_070541,17.57,967.47,80.18
20170409_070611,17.55,967.47,80.25
20170409_070641,17.54,967.52,80.32
20170409_070711,17.57,967.56,80.26
20170409_070741,17.58,967.52,80.29
20170409_070811,17.59,967.51,80.30
20170409_070841,17.63,967.51,80.22
20170409_070911,17.65,967.53,80.21
20170409_070941,17.70,967.48,80.08
20170409_071011,17.81,967.46,79.72
20170409_071041,17.89,967.45,79.41
20170409_071111,17.94,967.50,79.24
20170409_071141,17.95,967.53,79.21
20170409_071211,18.01,967.61,79.01
20170409_071241,17.97,967.58,79.13
20170409_071311,17.98,967.58,79.08
20170409_071341,18.01,967.55,79.01
20170409_071411,18.04,967.57,79.02
20170409_071442,18.09,967.61,78.81
20170409_071512,18.19,967.63,78.57
20170409_071542,18.22,967.61,78.37
20170409_071612,18.26,967.61,78.25
20170409_071642,18.32,967.65,78.08
20170409_071712,18.47,967.58,77.60
20170409_071742,18.57,967.62,77.27
20170409_071812,18.66,967.57,77.02
20170409_071842,18.85,967.60,76.43
20170409_071912,19.06,967.63,75.79
20170409_071942,19.22,967.71,75.12
20170409_072012,19.08,967.75,75.31
20170409_072042,19.09,967.72,75.43
20170409_072112,19.19,967.70,75.21
20170409_072142,19.47,967.68,74.37
20170409_072212,19.64,967.71,73.67
20170409_072242,19.71,967.71,73.58
20170409_072312,19.68,967.72,73.43
20170409_072342,19.77,967.72,73.24
20170409_072412,19.90,967.67,72.96
20170409_072442,20.04,967.67,72.54
20170409_072512,20.09,967.74,72.28
20170409_072543,20.23,967.70,71.76
20170409_072613,20.42,967.72,71.27
20170409_072643,20.37,967.64,71.35
20170409_072713,20.60,967.69,70.75
20170409_072743,20.70,967.72,70.35
20170409_072813,20.74,967.63,70.25
20170409_072843,20.61,967.69,70.48
20170409_072913,20.63,967.64,70.43
20170409_072943,20.78,967.62,70.04
20170409_073013,20.61,967.62,70.48
20170409_073043,20.48,967.57,70.88
20170409_073113,20.25,967.62,71.58
20170409_073143,20.19,967.62,71.96
20170409_073213,20.28,967.59,71.60
20170409_073243,20.38,967.63,71.41
20170409_073313,20.37,967.59,71.38
20170409_073343,20.32,967.62,71.65
20170409_073413,20.32,967.63,71.62
20170409_073443,20.38,967.68,71.52
20170409_073513,20.28,967.63,71.72
20170409_073544,20.27,967.69,71.84
20170409_073614,20.33,967.67,71.85
20170409_073644,20.52,967.77,71.19
20170409_073714,20.54,967.71,71.11
20170409_073744,20.63,967.67,70.87
20170409_073814,20.60,967.68,70.88
20170409_073844,20.35,967.57,71.43
20170409_073914,20.02,967.64,72.39
20170409_073944,19.90,967.67,72.90
20170409_074014,19.95,967.61,72.97
20170409_074044,20.06,967.62,72.70
20170409_074114,20.13,967.63,72.63
20170409_074144,20.29,967.51,72.16
20170409_074214,20.36,967.61,71.95
20170409_074244,20.40,967.68,71.84
20170409_074314,20.58,967.60,71.33
20170409_074344,20.50,967.70,71.40
20170409_074414,20.77,967.67,70.74
20170409_074444,21.10,967.67,69.79
20170409_074514,21.17,967.65,69.33
20170409_074544,21.01,967.65,69.74
20170409_074615,20.90,967.67,70.20
20170409_074645,20.47,967.63,71.25
20170409_074715,20.19,967.69,72.19
20170409_074745,20.17,967.63,72.47
20170409_074815,20.15,967.64,72.60
20170409_074845,20.23,967.60,72.46
20170409_074915,20.21,967.68,72.56
20170409_074945,20.47,967.68,71.97
20170409_075015,20.60,967.63,71.53
20170409_075045,20.67,967.63,71.16
20170409_075115,20.82,967.67,70.82
20170409_075145,20.98,967.61,70.44
20170409_075215,21.09,967.63,69.93
20170409_075245,21.07,967.66,69.90
20170409_075315,21.15,967.64,69.82
20170409_075345,20.97,967.67,70.34
20170409_075415,21.04,967.61,70.10
20170409_075445,20.95,967.63,70.38
20170409_075515,20.81,967.63,70.69
20170409_075545,20.91,967.56,70.64
20170409_075615,21.16,967.54,69.91
20170409_075646,21.18,967.50,69.69
20170409_075716,21.53,967.55,68.83
20170409_075746,21.43,967.54,68.87
20170409_075816,21.21,967.56,69.47
20170409_075846,21.08,967.49,69.75
20170409_075916,21.26,967.53,69.46
20170409_075946,21.35,967.54,69.10
20170409_080016,21.32,967.55,69.41
20170409_080046,21.20,967.49,69.41
20170409_080116,21.30,967.55,69.41
20170409_080146,21.39,967.59,69.19
20170409_080216,21.15,967.47,69.45
20170409_080246,21.35,967.59,69.21
20170409_080316,21.18,967.47,69.57
20170409_080346,21.27,967.41,69.51
20170409_080416,21.26,967.34,69.42
20170409_080446,21.08,967.28,70.04
20170409_080516,20.91,967.28,70.55
20170409_080546,20.81,967.29,70.91
20170409_080616,20.71,967.27,71.34
20170409_080647,20.64,967.36,71.59
20170409_080717,20.48,967.31,71.97
20170409_080747,20.67,967.36,71.58
20170409_080817,21.11,967.36,70.31
20170409_080847,21.39,967.33,69.56
20170409_080917,21.56,967.29,69.12
20170409_080947,21.60,967.21,68.86
20170409_081017,21.84,967.24,68.28
20170409_081047,21.82,967.12,67.85
20170409_081117,21.80,967.13,68.09
20170409_081147,21.30,967.12,69.24
20170409_081217,21.26,967.10,69.56
20170409_081247,21.17,967.14,69.85
20170409_081317,21.00,967.17,70.38
20170409_081347,20.98,967.14,70.66
20170409_081417,20.95,967.15,70.77
20170409_081447,20.79,967.28,71.22
20170409_081517,20.53,967.23,71.98
20170409_081547,20.44,967.28,72.26
20170409_081617,20.28,967.37,72.68
20170409_081648,20.35,967.28,72.75
20170409_081718,20.26,967.33,73.02
20170409_081748,20.14,967.21,73.38
20170409_081818,20.09,967.30,73.65
20170409_081848,20.11,967.27,73.76
20170409_081918,20.07,967.40,73.80
20170409_081948,20.09,967.18,73.81
20170409_082018,20.12,967.21,73.80
20170409_082048,20.15,967.14,73.69
20170409_082118,19.99,967.10,74.15
20170409_082148,20.11,967.02,73.99
20170409_082218,20.03,966.99,74.20
20170409_082248,20.03,966.95,74.23
20170409_082318,19.94,966.97,74.40
20170409_082348,19.97,966.92,74.51
20170409_082418,19.86,966.93,74.81
20170409_082448,19.85,966.89,74.76
20170409_082518,19.78,966.96,75.00
20170409_082548,19.67,967.05,75.42
20170409_082618,19.72,966.88,75.38
20170409_082648,19.79,967.01,75.28
20170409_082719,19.76,967.12,75.37
20170409_082749,19.70,966.97,75.45
20170409_082819,19.71,966.99,75.50
20170409_082849,19.77,967.06,75.30
20170409_082919,19.75,967.02,75.41
20170409_082949,19.84,967.06,75.28
20170409_083019,19.75,967.06,75.47
20170409_083049,19.75,967.08,75.57
20170409_083119,19.81,966.99,75.41
20170409_083149,19.85,967.10,75.34
20170409_083219,19.84,967.10,75.34
20170409_083249,19.95,967.04,75.14
20170409_083319,19.93,967.03,75.15
20170409_083349,20.00,967.07,74.91
20170409_083419,19.98,967.01,74.96
20170409_083449,20.00,967.07,74.90
20170409_083519,19.97,967.01,74.90
20170409_083549,20.10,967.04,74.63
20170409_083619,20.07,967.02,74.65
20170409_083649,20.14,967.12,74.53
20170409_083720,20.39,967.15,73.97
20170409_083750,20.54,967.13,73.48
20170409_083820,20.46,967.01,73.34
20170409_083850,20.50,967.05,73.28
20170409_083920,20.67,967.10,72.86
20170409_083950,20.78,967.04,72.64
20170409_084020,20.72,967.07,72.77
20170409_084050,20.72,967.05,72.69
20170409_084120,20.84,967.10,72.49
20170409_084150,21.00,967.02,72.05
20170409_084220,21.31,967.05,71.33
20170409_084250,21.58,966.97,70.38
20170409_084320,22.02,966.90,69.13
20170409_084350,22.24,966.89,68.39
20170409_084420,22.42,966.86,67.73
20170409_084450,22.57,966.93,67.40
20170409_084520,22.81,966.85,66.73
20170409_084550,23.08,966.83,66.09
20170409_084620,23.03,966.84,65.98
20170409_084650,23.39,966.72,65.07
20170409_084720,23.20,966.84,65.25
20170409_084751,23.37,966.76,65.10
20170409_084821,23.40,966.71,64.71
20170409_084851,23.57,966.67,64.25
20170409_084921,23.75,966.69,63.62
20170409_084951,23.82,966.68,63.66
20170409_085021,24.01,966.74,63.44
20170409_085051,23.94,966.61,63.20
20170409_085121,24.28,966.68,62.62
20170409_085151,24.50,966.59,61.94
20170409_085221,24.61,966.59,61.56
20170409_085251,25.01,966.68,60.91
20170409_085321,24.93,966.60,60.70
20170409_085351,25.08,966.58,60.33
20170409_085421,25.18,966.57,60.02
20170409_085451,25.01,966.62,60.08
20170409_085521,24.84,966.55,60.62
20170409_085551,25.02,966.63,60.45
20170409_085621,25.46,966.54,59.52
20170409_085651,25.25,966.60,59.68
20170409_085721,25.50,966.54,59.46
20170409_085752,25.83,966.52,58.99
20170409_085822,25.94,966.56,58.89
20170409_085852,26.56,966.59,57.99
20170409_085922,26.48,966.62,57.70
20170409_085952,26.58,966.73,56.70
20170409_090022,26.73,966.71,56.33
20170409_090052,26.67,966.77,56.57
20170409_090122,26.57,966.80,56.91
20170409_090152,26.95,966.76,56.04
20170409_090222,26.95,966.87,55.98
20170409_090252,26.93,966.91,56.06
20170409_090322,27.29,966.94,55.40
20170409_090352,27.32,966.92,55.48
20170409_090422,27.70,966.99,55.16
20170409_090452,27.93,966.85,54.04
20170409_090522,28.28,966.78,53.79
20170409_090552,28.27,966.74,53.64
20170409_090622,28.26,966.69,53.59
20170409_090652,28.22,966.67,53.55
20170409_090723,28.30,966.64,53.28
20170409_090753,28.50,966.66,53.43
20170409_090823,28.37,966.62,52.97
20170409_090853,28.60,966.60,52.86
20170409_090923,28.60,966.64,52.79
20170409_090953,28.71,966.70,52.23
20170409_091023,28.44,966.53,52.72
20170409_091053,28.07,966.63,53.40
20170409_091123,27.85,966.60,53.95
20170409_091153,28.08,966.62,53.60
20170409_091223,28.23,966.61,53.24
20170409_091253,27.72,966.71,53.88
20170409_091323,28.07,966.74,53.47
20170409_091353,28.03,966.59,53.16
20170409_091423,28.39,966.59,52.89
20170409_091453,28.44,966.57,52.49
20170409_091523,28.22,966.60,53.40
20170409_091553,28.13,966.51,53.67
20170409_091624,28.10,966.48,53.87
20170409_091654,28.03,966.54,53.96
20170409_091724,28.24,966.41,52.91
20170409_091754,28.48,966.41,52.80
20170409_091824,28.59,966.61,52.53
20170409_091854,28.45,966.52,52.53
20170409_091924,28.48,966.65,52.81
20170409_091954,28.54,966.59,52.24
20170409_092024,28.43,966.53,52.56
20170409_092054,28.68,966.70,52.17
20170409_092125,28.77,966.64,52.12
20170409_092155,28.34,966.62,53.05
20170409_092225,28.40,966.58,53.18
20170409_092255,28.38,966.52,53.01
20170409_092325,28.93,966.59,52.43
20170409_092355,29.08,966.47,51.43
20170409_092425,29.07,966.63,51.63
20170409_092455,28.86,966.54,52.48
20170409_092525,28.44,966.52,52.79
20170409_092555,28.26,966.50,53.11
20170409_092625,28.52,966.55,53.06
20170409_092655,28.97,966.59,52.02
20170409_092725,29.20,966.61,51.89
20170409_092755,29.43,966.66,51.08
20170409_092825,29.51,966.65,50.94
20170409_092855,29.60,966.62,51.05
20170409_092925,29.54,966.66,50.58
20170409_092955,29.54,966.66,51.48
20170409_093026,29.61,966.68,51.10
20170409_093056,29.28,966.65,51.31
20170409_093126,29.36,966.70,51.35
20170409_093156,29.12,966.71,51.48
20170409_093226,28.96,966.72,52.65
20170409_093256,28.92,966.73,52.26
20170409_093326,28.99,966.78,51.86
20170409_093356,28.83,966.83,52.46
20170409_093426,28.59,966.74,52.83
20170409_093456,28.62,966.72,52.64
20170409_093526,28.57,966.71,52.46
20170409_093556,28.25,966.72,52.80
20170409_093626,27.98,966.71,53.64
20170409_093656,28.04,966.81,54.42
20170409_093726,27.90,966.66,54.05
20170409_093756,27.85,966.80,54.21
20170409_093826,27.80,966.70,54.27
20170409_093856,27.53,966.66,54.64
20170409_093926,27.70,966.60,54.40
20170409_093957,27.81,966.72,54.57
20170409_094027,28.06,966.65,54.02
20170409_094057,28.38,966.59,53.64
20170409_094127,28.14,966.60,54.37
20170409_094157,27.58,966.67,54.84
20170409_094227,27.27,966.61,55.45
20170409_094257,27.23,966.59,55.71
20170409_094327,27.24,966.70,55.78
20170409_094357,27.44,966.71,55.61
20170409_094427,27.32,966.64,55.50
20170409_094457,27.23,966.68,55.92
20170409_094527,27.11,966.62,55.95
20170409_094557,27.07,966.66,56.20
20170409_094627,27.03,966.70,56.50
20170409_094657,26.76,966.74,57.07
20170409_094727,26.75,966.55,57.02
20170409_094757,26.75,966.53,57.00
20170409_094827,26.55,966.50,57.46
20170409_094857,26.00,966.45,58.60
20170409_094927,25.88,966.43,59.16
20170409_094958,25.88,966.49,59.07
20170409_095028,25.69,966.44,59.83
20170409_095058,25.77,966.38,59.64
20170409_095128,25.54,966.34,59.77
20170409_095158,25.79,966.49,59.63
20170409_095228,25.99,966.39,59.11
20170409_095258,25.97,966.39,58.78
20170409_095328,26.14,966.49,58.64
20170409_095358,26.21,966.46,58.57
20170409_095428,25.93,966.45,59.04
20170409_095458,25.82,966.56,59.55
20170409_095528,25.90,966.46,59.50
20170409_095558,26.33,966.46,58.59
20170409_095628,26.43,966.40,58.20
20170409_095658,26.72,966.46,57.67
20170409_095728,26.70,966.42,57.78
20170409_095758,26.69,966.46,57.85
20170409_095828,26.49,966.42,58.08
20170409_095858,26.26,966.54,58.42
20170409_095929,26.09,966.53,59.15
20170409_095959,25.67,966.42,59.72
20170409_100029,25.58,966.43,59.99
20170409_100059,25.58,966.52,60.26
20170409_100129,25.56,966.58,60.40
20170409_100159,25.50,966.52,60.47
20170409_100229,25.58,966.47,60.30
20170409_100259,25.35,966.51,61.12
20170409_100329,25.23,966.49,61.36
20170409_100359,25.46,966.60,61.08
20170409_100429,25.37,966.54,60.99
20170409_100459,25.50,966.56,60.73
20170409_100529,25.67,966.45,60.51
20170409_100559,25.72,966.53,60.16
20170409_100629,25.81,966.55,60.46
20170409_100659,25.95,966.60,59.72
20170409_100729,25.90,966.54,59.74
20170409_100759,25.97,966.52,59.94
20170409_100829,26.14,966.52,59.74
20170409_100859,26.17,966.48,59.38
20170409_100930,26.12,966.55,59.35
20170409_101000,26.08,966.51,59.47
20170409_101030,26.10,966.44,59.31
20170409_101100,26.31,966.48,59.14
20170409_101130,26.29,966.40,58.91
20170409_101200,26.32,966.32,58.93
20170409_101230,26.37,966.48,58.96
20170409_101300,26.31,966.43,59.05
20170409_101330,26.32,966.44,59.69
20170409_101400,26.23,966.41,59.48
20170409_101430,26.07,966.43,59.76
20170409_101500,26.11,966.47,59.63
20170409_101530,26.15,966.48,59.72
20170409_101600,26.13,966.47,59.89
20170409_101630,26.08,966.47,59.97
20170409_101700,26.21,966.40,59.73
20170409_101730,26.07,966.41,59.70
20170409_101800,26.10,966.40,59.86
20170409_101830,26.06,966.36,60.22
20170409_101900,26.15,966.41,60.15
20170409_101931,25.90,966.36,60.31
20170409_102001,25.84,966.34,60.31
20170409_102031,25.77,966.44,60.75
20170409_102101,25.79,966.41,60.44
20170409_102131,25.57,966.41,60.76
20170409_102201,25.56,966.32,60.80
20170409_102231,25.45,966.32,61.18
20170409_102301,25.43,966.31,61.08
20170409_102331,25.33,966.31,61.53
20170409_102401,25.17,966.34,61.64
20170409_102431,25.14,966.24,62.07
20170409_102501,25.22,966.28,62.39
20170409_102531,25.39,966.24,61.75
20170409_102601,25.33,966.18,61.71
20170409_102631,25.27,966.21,61.77
20170409_102701,25.27,966.25,61.65
20170409_102731,25.36,966.19,61.74
20170409_102801,25.32,966.24,61.92
20170409_102831,25.29,966.23,62.08
20170409_102901,25.18,966.22,62.39
20170409_102931,25.12,966.23,62.62
20170409_103002,24.97,966.27,62.66
20170409_103032,24.86,966.23,62.63
20170409_103102,24.84,966.20,63.29
20170409_103132,24.78,966.29,62.93
20170409_103202,24.65,966.31,63.27
20170409_103232,24.76,966.26,63.18
20170409_103302,24.79,966.20,63.12
20170409_103332,24.81,966.26,63.20
20170409_103402,24.75,966.26,63.17
20170409_103432,24.63,966.19,63.31
20170409_103502,24.54,966.26,63.65
20170409_103532,24.53,966.24,64.02
20170409_103602,24.57,966.20,63.87
20170409_103632,24.66,966.19,63.85
20170409_103702,24.59,966.21,64.14
20170409_103732,24.64,966.23,64.26
20170409_103802,24.77,966.33,64.13
20170409_103832,24.69,966.24,63.56
20170409_103902,24.60,966.25,63.84
20170409_103932,24.60,966.19,63.92
20170409_104003,24.63,966.16,63.85
20170409_104033,24.68,966.23,63.74
20170409_104103,24.74,966.20,63.45
20170409_104133,24.62,966.20,63.69
20170409_104203,24.67,966.19,63.76
20170409_104233,24.58,966.16,64.20
20170409_104303,24.63,966.15,64.13
20170409_104333,24.74,966.17,63.96
20170409_104403,24.82,966.14,63.59
20170409_104433,24.83,966.10,63.54
20170409_104503,24.68,966.12,63.44
20170409_104533,24.75,966.14,63.62
20170409_104603,24.67,966.09,63.77
20170409_104633,24.79,966.09,63.93
20170409_104703,24.70,966.09,63.46
20170409_104733,24.71,966.17,63.64
20170409_104803,24.83,966.13,63.43
20170409_104833,24.85,966.12,63.64
20170409_104903,24.89,966.12,63.30
20170409_104933,24.83,966.07,63.43
20170409_105004,24.74,966.15,63.34
20170409_105034,24.80,966.08,63.52
20170409_105104,24.94,966.16,63.29
20170409_105134,24.96,966.12,63.18
20170409_105204,24.96,966.15,63.00
20170409_105234,24.98,966.11,63.30
20170409_105304,25.11,966.11,62.99
20170409_105334,25.22,966.10,62.78
20170409_105404,25.41,966.05,62.57
20170409_105434,25.35,966.01,62.73
20170409_105504,25.48,966.03,62.44
20170409_105534,25.38,966.03,62.45
20170409_105604,25.24,965.98,62.47
20170409_105634,25.30,965.96,62.35
20170409_105704,25.39,965.99,62.34
20170409_105734,25.54,965.97,62.03
20170409_105804,25.65,965.91,61.41
20170409_105834,25.65,965.83,61.79
20170409_105904,25.68,965.87,61.31
20170409_105934,25.77,965.86,61.24
20170409_110004,25.84,965.84,61.23
20170409_110035,25.87,965.83,61.18
20170409_110105,25.86,965.85,61.14
20170409_110135,25.74,965.81,61.09
20170409_110205,25.69,965.80,61.30
20170409_110235,25.51,965.87,61.73
20170409_110305,25.49,965.85,61.69
20170409_110335,25.47,965.79,61.82
20170409_110405,25.26,965.93,62.11
20170409_110435,25.27,965.87,62.28
20170409_110505,25.24,965.85,62.24
20170409_110535,25.38,965.86,62.03
20170409_110605,25.40,965.83,61.93
20170409_110635,25.38,965.78,61.90
20170409_110705,25.42,965.82,61.87
20170409_110735,25.37,965.76,62.03
20170409_110805,25.52,965.82,61.78
20170409_110835,25.65,965.70,61.64
20170409_110905,25.68,965.73,61.64
20170409_110935,25.55,965.81,61.50
20170409_111005,25.56,965.71,61.65
20170409_111036,25.43,965.69,61.69
20170409_111106,25.47,965.60,62.09
20170409_111136,25.50,965.70,62.00
20170409_111206,25.51,965.64,61.71
20170409_111236,25.60,965.65,61.49
20170409_111306,25.67,965.61,61.39
20170409_111336,25.73,965.62,60.98
20170409_111406,25.71,965.65,61.16
20170409_111436,25.67,965.54,61.11
20170409_111506,25.66,965.56,61.29
20170409_111536,25.71,965.59,61.39
20170409_111606,25.72,965.50,61.11
20170409_111636,25.81,965.45,61.40
20170409_111706,25.88,965.50,60.74
20170409_111736,25.94,965.45,60.77
20170409_111806,26.12,965.46,60.44
20170409_111836,26.06,965.50,60.51
20170409_111906,26.06,965.49,60.66
20170409_111936,26.07,965.42,60.21
20170409_112006,26.03,965.49,60.59
20170409_112037,26.17,965.45,60.44
20170409_112107,26.28,965.49,60.28
20170409_112137,26.28,965.54,60.67
20170409_112207,26.23,965.49,60.26
20170409_112237,26.10,965.52,60.80
20170409_112307,26.09,965.52,61.09
20170409_112337,26.17,965.47,60.43
20170409_112407,26.14,965.48,60.35
20170409_112437,26.01,965.44,60.37
20170409_112507,26.13,965.37,60.24
20170409_112537,26.10,965.37,60.11
20170409_112607,26.19,965.34,60.46
20170409_112637,26.27,965.33,60.18
20170409_112707,26.21,965.42,60.14
20170409_112737,26.34,965.32,59.81
20170409_112807,26.42,965.31,59.67
20170409_112837,26.61,965.30,59.61
20170409_112907,26.77,965.25,60.80
20170409_112937,27.21,965.31,58.82
20170409_113007,27.36,965.22,58.25
20170409_113037,27.47,965.23,57.42
20170409_113108,27.53,965.28,58.47
20170409_113138,27.55,965.10,57.97
20170409_113208,27.18,965.21,57.72
20170409_113238,27.25,965.30,57.72
20170409_113308,27.14,965.22,58.49
20170409_113338,27.06,965.25,58.44
20170409_113408,27.12,965.28,58.12
20170409_113438,27.08,965.31,58.06
20170409_113508,27.12,965.28,58.44
20170409_113538,27.15,965.29,58.31
20170409_113608,27.17,965.36,57.97
20170409_113638,27.19,965.36,57.63
20170409_113708,27.27,965.32,57.59
20170409_113738,27.23,965.38,57.63
20170409_113808,27.03,965.31,58.24
20170409_113838,26.91,965.33,58.63
20170409_113908,26.89,965.35,58.76
20170409_113938,26.80,965.34,58.86
20170409_114008,26.82,965.34,58.59
20170409_114039,27.07,965.38,58.56
20170409_114109,27.18,965.32,58.11
20170409_114139,27.06,965.43,58.11
20170409_114209,26.96,965.36,58.64
20170409_114239,26.79,965.44,58.51
20170409_114309,26.80,965.37,58.72
20170409_114339,27.01,965.39,58.57
20170409_114409,27.02,965.44,58.29
20170409_114439,27.01,965.45,58.70
20170409_114509,26.87,965.42,58.59
20170409_114539,26.49,965.46,59.07
20170409_114609,26.44,965.46,59.13
20170409_114639,26.33,965.52,59.56
20170409_114709,26.16,965.46,59.77
20170409_114739,25.94,965.45,60.35
20170409_114809,25.89,965.41,60.18
20170409_114839,25.92,965.53,60.47
20170409_114909,25.97,965.48,60.41
20170409_114939,26.23,965.43,59.52
20170409_115009,26.18,965.49,59.98
20170409_115039,26.19,965.44,59.83
20170409_115110,26.32,965.40,60.55
20170409_115140,26.43,965.40,59.20
20170409_115210,26.39,965.49,59.39
20170409_115240,26.40,965.43,59.43
20170409_115310,26.22,965.45,59.60
20170409_115340,26.04,965.50,60.19
20170409_115410,25.92,965.57,60.12
20170409_115440,25.84,965.54,60.50
20170409_115510,25.82,965.50,60.39
20170409_115540,25.83,965.50,60.45
20170409_115610,25.88,965.56,60.84
20170409_115640,25.84,965.52,61.05
20170409_115710,25.85,965.49,61.15
20170409_115740,25.88,965.55,61.09
20170409_115810,25.91,965.51,60.88
20170409_115840,25.95,965.49,61.02
20170409_115910,25.86,965.53,60.67
20170409_115940,25.93,965.47,60.41
20170409_120010,26.02,965.44,60.38
20170409_120040,26.06,965.45,60.23
20170409_120110,26.12,965.51,60.43
20170409_120141,25.98,965.49,60.52
20170409_120211,25.97,965.45,60.53
20170409_120241,25.94,965.37,60.60
20170409_120311,25.75,965.44,60.76
20170409_120341,25.97,965.46,60.63
20170409_120411,26.00,965.49,60.53
20170409_120441,25.86,965.48,60.52
20170409_120511,25.98,965.47,60.33
20170409_120541,26.02,965.48,60.74
20170409_120611,26.08,965.49,60.40
20170409_120641,25.95,965.47,60.53
20170409_120711,25.85,965.47,60.73
20170409_120741,25.76,965.46,60.82
20170409_120811,25.82,965.47,60.86
20170409_120841,25.70,965.49,61.14
20170409_120911,25.77,965.46,61.09
20170409_120941,25.80,965.41,60.81
20170409_121011,25.88,965.44,60.73
20170409_121041,25.93,965.38,60.65
20170409_121111,26.10,965.49,60.50
20170409_121142,26.27,965.59,60.06
20170409_121212,26.32,965.49,59.88
20170409_121242,26.26,965.46,60.30
20170409_121312,26.35,965.50,60.05
20170409_121342,26.27,965.48,59.99
20170409_121412,26.36,965.50,60.26
20170409_121442,26.37,965.47,59.65
20170409_121512,26.39,965.50,59.53
20170409_121542,26.47,965.44,59.43
20170409_121612,26.43,965.48,59.62
20170409_121642,26.28,965.48,59.86
20170409_121712,26.17,965.46,60.04
20170409_121742,26.31,965.41,60.13
20170409_121812,26.46,965.46,59.67
20170409_121842,26.36,965.42,59.64
20170409_121912,26.33,965.42,59.83
20170409_121942,26.35,965.37,59.79
20170409_122012,26.30,965.40,59.65
20170409_122042,26.21,965.35,60.23
20170409_122112,26.13,965.40,60.18
20170409_122142,26.19,965.34,60.00
20170409_122213,26.18,965.40,59.88
20170409_122243,26.11,965.42,60.29
20170409_122313,26.23,965.42,60.30
20170409_122343,26.18,965.45,60.02
20170409_122413,26.06,965.40,60.23
20170409_122443,26.09,965.38,60.07
20170409_122513,26.24,965.36,59.95
20170409_122543,26.24,965.55,60.26
20170409_122613,26.10,965.34,60.27
20170409_122643,25.97,965.36,60.22
20170409_122713,25.99,965.37,60.23
20170409_122743,26.04,965.34,60.07
20170409_122813,26.14,965.38,60.36
20170409_122843,26.29,965.44,59.87
20170409_122913,26.27,965.39,59.96
20170409_122943,26.25,965.48,60.08
20170409_123013,26.28,965.44,60.09
20170409_123043,26.23,965.43,60.74
20170409_123113,26.36,965.37,59.62
20170409_123143,26.42,965.36,59.89
20170409_123214,26.52,965.41,59.98
20170409_123244,26.61,965.40,59.58
20170409_123314,26.66,965.40,60.02
20170409_123344,26.80,965.38,59.15
20170409_123414,26.78,965.37,59.22
20170409_123444,26.70,965.50,59.13
20170409_123514,26.62,965.42,59.11
20170409_123544,26.54,965.49,59.19
20170409_123614,26.56,965.38,59.39
20170409_123644,26.69,965.41,59.21
20170409_123714,26.72,965.42,59.49
20170409_123744,26.71,965.44,59.03
20170409_123814,26.59,965.43,58.77
20170409_123844,26.67,965.43,59.45
20170409_123914,26.42,965.38,59.16
20170409_123944,26.44,965.44,59.58
20170409_124014,26.38,965.43,59.37
20170409_124044,26.28,965.44,59.41
20170409_124114,26.14,965.41,59.53
20170409_124144,26.09,965.43,59.59
20170409_124214,26.04,965.37,60.15
20170409_124245,26.09,965.43,60.22
20170409_124315,26.03,965.42,60.10
20170409_124345,26.07,965.48,59.96
20170409_124415,25.90,965.46,60.11
20170409_124445,25.94,965.40,60.36
20170409_124515,25.97,965.46,60.42
20170409_124545,26.09,965.44,59.85
20170409_124615,26.15,965.47,60.05
20170409_124645,26.18,965.46,60.26
20170409_124715,26.09,965.37,60.07
20170409_124745,26.17,965.37,60.03
20170409_124815,26.21,965.35,60.37
20170409_124845,26.37,965.31,60.33
20170409_124915,26.38,965.30,59.98
20170409_124945,26.33,965.31,60.14
20170409_125015,26.38,965.34,60.45
20170409_125045,26.41,965.33,60.38
20170409_125115,26.33,965.33,60.09
20170409_125145,26.28,965.37,60.04
20170409_125215,26.23,965.35,60.03
20170409_125246,26.24,965.32,60.46
20170409_125316,26.26,965.31,60.08
20170409_125346,26.15,965.31,60.10
20170409_125416,26.33,965.34,59.90
20170409_125446,26.30,965.27,60.11
20170409_125516,26.29,965.23,59.90
20170409_125546,26.36,965.23,60.08
20170409_125616,26.33,965.20,59.37
20170409_125646,26.22,965.22,59.90
20170409_125716,26.28,965.19,59.91
20170409_125746,26.22,965.15,60.11
20170409_125816,26.34,965.22,60.32
20170409_125846,26.35,965.21,60.30
20170409_125916,26.38,965.32,60.47
20170409_125946,26.37,965.19,59.95
20170409_130016,26.22,965.27,60.05
20170409_130046,26.15,965.23,59.86
20170409_130116,26.21,965.18,60.08
20170409_130146,26.27,965.26,59.94
20170409_130216,26.18,965.19,60.26
20170409_130246,26.17,965.11,60.14
20170409_130317,26.08,965.16,60.24
20170409_130347,26.04,965.12,60.66
20170409_130417,25.97,965.14,60.36
20170409_130447,26.00,965.25,60.71
20170409_130517,26.06,965.22,60.26
20170409_130547,26.15,965.18,60.39
20170409_130617,26.19,965.20,59.96
20170409_130647,26.24,965.12,59.90
20170409_130717,26.25,965.15,60.91
20170409_130747,26.38,965.11,60.31
20170409_130818,26.47,965.13,60.01
20170409_130848,26.46,965.16,59.85
20170409_130918,26.42,965.15,59.47
20170409_130948,26.45,965.10,59.64
20170409_131018,26.46,965.05,59.22
20170409_131048,26.49,965.09,59.06
20170409_131118,26.49,965.07,58.98
20170409_131148,26.42,965.09,59.41
20170409_131218,26.46,965.03,59.94
20170409_131248,26.53,965.10,59.69
20170409_131318,26.50,965.02,59.49
20170409_131348,26.48,965.18,59.46
20170409_131418,26.36,965.14,59.63
20170409_131448,26.26,965.07,59.79
20170409_131518,26.21,965.03,59.87
20170409_131549,26.13,965.17,60.22
20170409_131619,26.05,965.08,60.37
20170409_131649,25.93,965.03,60.51
20170409_131719,25.94,965.11,60.54
20170409_131749,25.94,965.23,60.79
20170409_131819,25.87,965.03,60.69
20170409_131849,25.81,965.05,60.50
20170409_131919,25.84,965.06,60.50
20170409_131949,25.85,965.11,60.70
20170409_132019,25.82,965.07,60.86
20170409_132049,25.90,965.10,60.89
20170409_132119,25.97,964.99,60.71
20170409_132149,26.07,965.08,60.56
20170409_132219,26.12,965.13,60.96
20170409_132249,26.07,964.99,60.27
20170409_132319,26.07,965.08,60.41
20170409_132349,26.19,965.07,60.55
20170409_132419,26.29,965.12,60.29
20170409_132449,26.27,965.10,59.95
20170409_132519,26.24,965.11,60.13
20170409_132549,26.30,965.11,59.97
20170409_132620,26.38,965.03,59.83
20170409_132650,26.49,965.11,59.82
20170409_132720,26.53,965.12,59.40
20170409_132750,26.35,965.06,59.61
20170409_132820,26.44,965.11,59.41
20170409_132850,26.40,965.06,59.62
20170409_132920,26.43,965.02,59.18
20170409_132950,26.51,965.03,59.34
20170409_133020,26.56,965.06,58.97
20170409_133050,26.54,964.95,58.61
20170409_133120,26.54,964.98,59.00
20170409_133150,26.54,965.11,59.20
20170409_133220,26.53,965.04,59.10
20170409_133250,26.55,965.01,59.15
20170409_133320,26.51,964.99,58.96
20170409_133350,26.55,964.91,59.50
20170409_133420,26.61,964.96,58.96
20170409_133450,26.53,964.97,58.82
20170409_133520,26.31,964.94,59.33
20170409_133550,26.32,964.98,59.48
20170409_133620,26.40,964.98,59.99
20170409_133651,26.41,964.93,59.65
20170409_133721,26.34,964.99,59.59
20170409_133751,26.29,964.92,59.35
20170409_133821,26.05,964.87,60.06
20170409_133851,26.03,964.95,60.03
20170409_133921,26.04,964.90,60.44
20170409_133951,26.08,964.88,60.35
20170409_134021,26.17,964.83,60.09
20170409_134051,26.22,964.86,59.78
20170409_134121,26.19,964.82,59.75
20170409_134151,26.30,964.86,59.97
20170409_134221,26.25,964.94,59.55
20170409_134251,26.10,965.08,59.28
20170409_134321,26.07,964.88,59.40
20170409_134351,26.12,964.95,59.60
20170409_134421,26.16,964.88,59.75
20170409_134451,26.21,964.81,59.62
20170409_134521,26.23,964.86,59.84
20170409_134551,26.20,964.81,59.75
20170409_134621,26.21,964.83,60.05
20170409_134652,26.19,964.75,59.96
20170409_134722,26.20,964.77,60.16
20170409_134752,26.20,964.99,60.18
20170409_134822,26.09,964.79,60.21
20170409_134852,26.00,964.73,60.57
20170409_134922,26.04,964.81,60.53
20170409_134952,26.04,964.81,60.25
20170409_135022,26.04,964.66,60.11
20170409_135052,25.97,964.66,60.41
20170409_135122,25.92,964.74,60.49
20170409_135152,25.95,964.68,60.60
20170409_135222,25.96,964.71,60.43
20170409_135252,26.02,964.73,60.79
20170409_135322,25.94,964.69,60.47
20170409_135352,26.00,964.71,60.48
20170409_135422,26.03,964.73,60.46
20170409_135452,26.02,964.80,60.46
20170409_135522,25.98,964.79,60.47
20170409_135552,26.04,964.71,60.77
20170409_135622,26.14,964.73,60.36
20170409_135652,26.16,964.75,60.48
20170409_135723,26.17,964.72,60.56
20170409_135753,26.20,964.72,60.40
20170409_135823,26.21,964.73,60.21
20170409_135853,26.24,964.71,60.55
20170409_135923,26.25,964.77,60.24
20170409_135953,26.27,964.79,60.35
20170409_140023,26.35,964.72,60.30
20170409_140053,26.28,964.72,59.83
20170409_140123,26.22,964.72,60.17
20170409_140153,26.20,964.71,59.99
20170409_140223,26.22,964.75,59.78
20170409_140253,26.27,964.63,59.64
20170409_140323,26.42,964.66,59.93
20170409_140353,26.49,964.67,59.70
20170409_140423,26.50,964.75,59.82
20170409_140453,26.47,964.70,59.64
20170409_140523,26.50,964.71,59.80
20170409_140553,26.60,964.79,59.64
20170409_140623,26.69,964.77,59.81
20170409_140653,26.75,964.78,59.63
20170409_140723,26.74,964.85,59.72
20170409_140754,26.75,964.81,59.51
20170409_140824,26.70,964.84,59.31
20170409_140854,26.65,964.82,59.49
20170409_140924,26.60,964.80,59.60
20170409_140954,26.59,964.79,59.61
20170409_141024,26.62,964.86,59.52
20170409_141054,26.55,964.86,60.02
20170409_141124,26.53,964.87,59.91
20170409_141154,26.54,964.96,59.98
20170409_141224,26.45,964.90,60.00
20170409_141254,26.48,964.85,60.19
20170409_141324,26.45,965.04,60.13
20170409_141354,26.44,965.01,60.13
20170409_141424,26.41,964.84,60.55
20170409_141454,26.42,964.83,60.23
20170409_141524,26.33,964.84,60.68
20170409_141554,26.33,964.80,60.50
20170409_141624,26.34,964.70,60.64
20170409_141654,26.44,964.79,60.40
20170409_141724,26.39,964.72,60.45
20170409_141754,26.33,964.83,60.64
20170409_141825,26.28,964.80,60.78
20170409_141855,26.38,964.88,60.72
20170409_141925,26.41,964.79,60.57
20170409_141955,26.44,964.79,60.59
20170409_142025,26.41,964.74,60.63
20170409_142055,26.49,964.80,60.65
20170409_142125,26.52,964.69,60.61
20170409_142155,26.51,964.71,60.77
20170409_142225,26.46,964.72,60.26
20170409_142255,26.35,964.60,60.50
20170409_142325,26.33,964.72,60.72
20170409_142355,26.32,964.82,60.72
20170409_142425,26.30,964.72,60.84
20170409_142455,26.39,964.62,60.90
20170409_142525,26.43,964.51,60.69
20170409_142555,26.41,964.58,60.73
20170409_142625,26.49,964.60,60.81
20170409_142655,26.59,964.61,60.89
20170409_142725,26.60,964.55,60.52
20170409_142755,26.63,964.59,60.63
20170409_142825,26.79,964.64,60.47
20170409_142856,26.83,964.56,60.28
20170409_142926,26.86,964.47,60.22
20170409_142956,26.87,964.44,60.11
20170409_143026,26.91,964.41,60.75
20170409_143056,26.89,964.51,60.42
20170409_143126,26.91,964.47,60.28
20170409_143156,26.93,964.43,60.61
20170409_143226,26.96,964.35,60.37
20170409_143256,26.97,964.41,60.56
20170409_143326,26.97,964.41,60.79
20170409_143356,26.89,964.37,60.20
20170409_143426,26.82,964.26,60.23
20170409_143456,26.77,964.33,60.57
20170409_143526,26.79,964.24,60.77
20170409_143556,26.88,964.19,60.73
20170409_143626,27.00,964.19,60.54
20170409_143656,27.04,964.19,60.42
20170409_143726,26.95,964.15,60.28
20170409_143756,26.84,964.19,60.43
20170409_143826,26.78,964.21,60.33
20170409_143856,26.77,964.14,60.42
20170409_143927,26.75,964.15,60.56
20170409_143957,26.75,964.16,60.66
20170409_144027,26.81,964.14,60.57
20170409_144057,26.80,964.06,60.56
20170409_144127,26.78,964.12,60.71
20170409_144157,26.85,964.11,60.87
20170409_144227,26.92,964.17,60.77
20170409_144257,26.95,964.13,60.55
20170409_144327,26.89,964.10,60.82
20170409_144357,26.98,964.16,60.81
20170409_144427,26.96,964.08,60.83
20170409_144457,26.99,964.01,60.38
20170409_144527,26.93,964.05,60.57
20170409_144557,26.98,964.10,60.67
20170409_144627,27.01,964.23,60.57
20170409_144657,26.93,964.18,60.43
20170409_144727,26.89,964.20,60.41
20170409_144757,26.90,964.13,60.49
20170409_144827,26.86,964.20,60.21
20170409_144857,26.85,964.14,60.52
20170409_144928,26.81,964.23,60.76
20170409_144958,26.79,964.18,60.63
20170409_145028,26.76,964.21,60.88
20170409_145058,26.83,964.23,60.82
20170409_145128,26.86,964.23,60.77
20170409_145158,26.81,964.28,60.71
20170409_145228,26.80,964.20,61.09
20170409_145258,26.86,964.16,61.13
20170409_145328,26.91,964.16,60.83
20170409_145358,26.87,964.28,60.79
20170409_145428,26.81,964.12,60.83
20170409_145458,26.74,964.20,60.84
20170409_145528,26.77,964.13,60.78
20170409_145558,26.78,964.13,60.66
20170409_145628,26.81,964.15,60.71
20170409_145658,26.82,964.21,60.80
20170409_145728,26.89,964.15,60.46
20170409_145758,26.92,964.12,60.60
20170409_145828,26.94,964.08,60.55
20170409_145858,26.88,964.05,60.55
20170409_145928,26.85,964.11,60.58
20170409_145959,26.79,964.06,60.97
20170409_150029,26.86,964.11,60.88
20170409_150059,26.90,964.05,60.73
20170409_150129,26.99,964.07,60.59
20170409_150159,27.02,964.14,60.31
20170409_150229,27.02,964.10,60.18
20170409_150259,27.05,964.08,60.31
20170409_150329,27.07,964.11,59.95
20170409_150359,27.12,964.08,59.91
20170409_150429,27.11,964.15,59.35
20170409_150459,27.11,964.16,59.01
20170409_150529,27.13,964.16,58.99
20170409_150559,27.13,964.03,59.19
20170409_150629,27.11,964.02,58.84
20170409_150659,27.14,963.93,58.61
20170409_150729,27.17,963.94,58.54
20170409_150759,27.24,963.94,58.73
20170409_150829,27.35,963.99,58.37
20170409_150859,27.39,963.93,58.59
20170409_150929,27.36,963.95,57.83
20170409_150959,27.31,964.00,57.98
20170409_151030,27.32,963.95,58.41
20170409_151100,27.30,963.99,58.04
20170409_151130,27.32,963.92,58.43
20170409_151200,27.41,963.94,58.51
20170409_151230,27.46,963.88,57.91
20170409_151300,27.38,964.07,57.97
20170409_151330,27.35,963.95,57.78
20170409_151400,27.39,964.04,57.93
20170409_151430,27.40,963.95,57.87
20170409_151500,27.34,963.91,58.03
20170409_151530,27.32,964.03,58.05
20170409_151600,27.27,963.99,58.02
20170409_151630,27.27,963.94,57.98
20170409_151700,27.27,964.00,57.86
20170409_151730,27.24,963.98,58.24
20170409_151800,27.21,963.92,57.82
20170409_151830,27.23,964.01,57.95
20170409_151900,27.25,963.94,58.05
20170409_151930,27.28,964.02,58.05
20170409_152000,27.27,963.93,58.05
20170409_152031,27.26,963.97,58.10
20170409_152101,27.28,963.98,57.98
20170409_152131,27.31,963.99,57.98
20170409_152201,27.39,963.99,57.78
20170409_152231,27.39,963.98,57.89
20170409_152301,27.40,963.99,57.94
20170409_152331,27.37,964.03,57.99
20170409_152401,27.35,964.02,58.18
20170409_152431,27.31,964.03,58.43
20170409_152501,27.26,964.04,58.28
20170409_152531,27.27,964.08,58.50
20170409_152601,27.24,964.07,58.34
20170409_152631,27.28,963.98,58.42
20170409_152701,27.27,964.01,58.35
20170409_152731,27.26,963.96,58.45
20170409_152801,27.26,964.14,58.38
20170409_152831,27.28,963.98,58.25
20170409_152901,27.27,963.96,58.25
20170409_152931,27.25,964.04,58.36
20170409_153001,27.25,964.04,58.31
20170409_153031,27.22,964.08,58.23
20170409_153102,27.22,964.00,58.36
20170409_153132,27.20,964.14,58.04
20170409_153202,27.18,964.07,58.16
20170409_153232,27.15,964.09,58.11
20170409_153302,27.09,963.91,57.98
20170409_153332,27.07,964.00,57.95
20170409_153402,27.07,963.98,57.95
20170409_153432,27.11,964.04,58.06
20170409_153502,27.13,963.98,57.79
20170409_153532,27.13,963.99,57.68
20170409_153602,27.07,963.90,57.95
20170409_153632,27.05,964.00,58.11
20170409_153702,27.05,964.03,58.24
20170409_153732,27.07,964.05,58.42
20170409_153802,27.06,964.07,58.49
20170409_153832,27.08,964.11,58.33
20170409_153902,27.07,964.08,58.33
20170409_153932,27.06,964.10,58.44
20170409_154002,27.10,964.10,58.50
20170409_154032,27.15,964.11,58.52
20170409_154102,27.18,964.09,58.64
20170409_154133,27.18,964.15,58.73
20170409_154203,27.19,964.19,58.84
20170409_154233,27.15,964.13,59.17
20170409_154303,27.14,964.16,59.14
20170409_154333,27.20,964.23,59.06
20170409_154403,27.23,964.17,59.25
20170409_154433,27.18,964.14,58.88
20170409_154503,27.16,964.16,58.88
20170409_154533,27.16,964.21,58.72
20170409_154603,27.14,964.18,58.82
20170409_154633,27.09,964.17,58.62
20170409_154703,27.10,964.21,58.83
20170409_154733,27.14,964.21,58.89
20170409_154803,27.13,964.22,58.98
20170409_154833,27.07,964.12,58.99
20170409_154903,27.05,964.23,59.04
20170409_154933,27.02,964.24,59.01
20170409_155003,27.05,964.23,59.09
20170409_155033,27.02,964.30,59.51
20170409_155103,27.06,964.26,59.35
20170409_155133,27.06,964.26,59.09
20170409_155204,27.04,964.21,58.81
20170409_155234,27.00,964.24,58.88
20170409_155304,27.02,964.28,58.78
20170409_155334,27.02,964.21,58.91
20170409_155404,27.03,964.27,58.83
20170409_155434,27.00,964.19,59.02
20170409_155504,27.00,964.19,59.24
20170409_155534,26.99,964.17,59.19
20170409_155604,27.01,964.20,59.31
20170409_155634,27.00,964.20,58.97
20170409_155704,26.95,964.24,59.05
20170409_155734,26.94,964.16,59.32
20170409_155804,26.86,964.15,59.28
20170409_155834,26.86,964.17,59.42
20170409_155904,26.92,964.20,59.18
20170409_155934,26.88,964.14,59.24
20170409_160004,26.87,964.19,59.37
20170409_160034,26.85,964.15,59.47
20170409_160104,26.80,964.16,59.60
20170409_160134,26.80,964.11,59.64
20170409_160205,26.80,964.16,59.71
20170409_160235,26.77,964.18,59.77
20170409_160305,26.76,964.17,59.65
20170409_160335,26.74,964.20,59.48
20170409_160405,26.72,964.13,59.73
20170409_160435,26.70,964.14,59.79
20170409_160505,26.70,964.15,59.77
20170409_160535,26.71,964.21,59.73
20170409_160605,26.72,964.29,59.97
20170409_160635,26.68,964.25,59.86
20170409_160705,26.66,964.30,59.82
20170409_160735,26.68,964.35,59.69
20170409_160805,26.70,964.26,59.62
20170409_160835,26.71,964.22,59.66
20170409_160905,26.70,964.24,59.66
20170409_160935,26.72,964.20,59.47
20170409_161005,26.74,964.25,59.35
20170409_161035,26.71,964.22,59.19
20170409_161105,26.72,964.26,59.13
20170409_161135,26.67,964.17,58.89
20170409_161205,26.68,964.24,59.01
20170409_161236,26.69,964.31,59.12
20170409_161306,26.64,964.41,59.29
20170409_161336,26.59,964.33,59.44
20170409_161406,26.60,964.38,59.35
20170409_161436,26.65,964.43,59.58
20170409_161506,26.62,964.43,59.80
20170409_161536,26.63,964.30,59.61
20170409_161606,26.61,964.25,59.70
20170409_161636,26.60,964.44,59.62
20170409_161706,26.60,964.26,59.40
20170409_161736,26.56,964.34,59.91
20170409_161806,26.56,964.26,59.62
20170409_161836,26.59,964.30,59.40
20170409_161906,26.59,964.31,59.64
20170409_161936,26.60,964.28,59.55
20170409_162006,26.59,964.19,59.95
20170409_162036,26.66,964.24,59.65
20170409_162106,26.69,964.23,59.67
20170409_162136,26.67,964.23,59.64
20170409_162206,26.69,964.22,59.84
20170409_162236,26.72,964.28,59.56
20170409_162307,26.72,964.22,59.55
20170409_162337,26.67,964.22,59.64
20170409_162407,26.70,964.21,59.77
20170409_162437,26.70,964.24,59.65
20170409_162507,26.67,964.17,59.76
20170409_162537,26.69,964.20,59.90
20170409_162607,26.71,964.23,59.80
20170409_162637,26.71,964.19,59.95
20170409_162707,26.74,964.21,59.78
20170409_162737,26.75,964.24,59.80
20170409_162807,26.77,964.21,59.83
20170409_162837,26.76,964.15,59.80
20170409_162907,26.74,964.16,59.65
20170409_162937,26.74,964.18,59.55
20170409_163007,26.66,964.29,59.79
20170409_163037,26.62,964.25,59.45
20170409_163107,26.58,964.24,59.73
20170409_163137,26.57,964.07,59.68
20170409_163207,26.58,964.16,59.57
20170409_163237,26.57,964.10,59.62
20170409_163307,26.57,964.15,59.54
20170409_163338,26.55,964.09,59.74
20170409_163408,26.54,964.11,59.84
20170409_163438,26.53,964.12,59.60
20170409_163508,26.54,964.00,59.54
20170409_163538,26.55,964.06,59.46
20170409_163608,26.54,964.04,59.55
20170409_163638,26.54,964.13,59.47
20170409_163708,26.54,964.02,59.38
20170409_163738,26.52,964.12,59.53
20170409_163808,26.51,964.12,59.42
20170409_163838,26.49,964.15,59.44
20170409_163908,26.45,964.15,59.47
20170409_163938,26.43,964.22,59.70
20170409_164008,26.41,964.15,59.59
20170409_164038,26.40,964.30,59.48
20170409_164108,26.42,964.30,59.45
20170409_164138,26.41,964.37,59.64
20170409_164208,26.39,964.45,59.89
20170409_164238,26.41,964.45,59.82
20170409_164308,26.42,964.35,59.98
20170409_164339,26.40,964.45,59.71
20170409_164409,26.41,964.49,59.69
20170409_164439,26.43,964.60,59.72
20170409_164509,26.40,964.53,59.88
20170409_164539,26.39,964.55,59.66
20170409_164609,26.40,964.54,59.61
20170409_164639,26.38,964.58,59.88
20170409_164709,26.38,964.64,59.94
20170409_164739,26.36,964.56,59.82
20170409_164809,26.39,964.56,59.79
20170409_164839,26.40,964.59,59.86
20170409_164909,26.42,964.55,59.79
20170409_164939,26.42,964.46,59.65
20170409_165009,26.39,964.50,59.72
20170409_165039,26.36,964.51,59.61
20170409_165109,26.38,964.56,59.78
20170409_165139,26.38,964.48,59.87
20170409_165209,26.38,964.43,59.68
20170409_165240,26.38,964.51,59.84
20170409_165310,26.38,964.46,59.85
20170409_165340,26.40,964.55,59.77
20170409_165410,26.43,964.66,59.79
20170409_165440,26.39,964.60,60.07
20170409_165510,26.42,964.60,59.98
20170409_165540,26.41,964.61,59.89
20170409_165610,26.43,964.62,59.84
20170409_165640,26.49,964.72,59.85
20170409_165710,26.48,964.65,60.01
20170409_165741,26.48,964.67,59.94
20170409_165811,26.50,964.80,60.07
20170409_165841,26.48,964.74,60.06
20170409_165911,26.50,964.78,59.95
20170409_165941,26.47,964.86,59.96
20170409_170011,26.40,964.74,60.20
20170409_170041,26.42,964.80,60.35
20170409_170111,26.44,964.67,60.15
20170409_170141,26.46,964.71,60.15
20170409_170211,26.49,964.77,60.23
20170409_170241,26.49,964.88,60.14
20170409_170311,26.49,964.81,60.35
20170409_170341,26.48,964.79,60.62
20170409_170411,26.54,964.80,60.46
20170409_170441,26.57,964.83,60.26
20170409_170511,26.60,964.82,60.17
20170409_170541,26.61,964.81,60.21
20170409_170611,26.67,964.89,60.01
20170409_170641,26.72,964.91,60.12
20170409_170712,26.76,964.95,60.25
20170409_170742,26.75,964.81,60.18
20170409_170812,26.75,964.87,60.15
20170409_170842,26.73,964.96,59.83
20170409_170912,26.72,964.90,59.79
20170409_170942,26.74,964.86,60.06
20170409_171012,26.78,964.94,59.96
20170409_171042,26.80,964.94,60.03
20170409_171112,26.73,964.94,59.92
20170409_171142,26.68,964.91,59.77
20170409_171212,26.70,964.85,60.03
20170409_171242,26.69,965.01,60.33
20170409_171312,26.70,964.94,60.18
20170409_171342,26.73,964.94,59.77
20170409_171412,26.75,964.91,59.70
20170409_171442,26.78,965.01,59.72
20170409_171512,26.78,964.96,59.82
20170409_171542,26.76,964.93,59.85
20170409_171612,26.69,965.00,59.99
20170409_171642,26.65,964.99,59.89
20170409_171713,26.61,965.03,60.20
20170409_171743,26.59,965.03,60.11
20170409_171813,26.58,965.08,60.08
20170409_171843,26.65,965.09,59.96
20170409_171913,26.67,965.13,59.94
20170409_171943,26.69,965.05,60.10
20170409_172013,26.68,965.10,59.82
20170409_172043,26.67,965.02,60.04
20170409_172113,26.64,965.12,59.91
20170409_172143,26.65,965.13,60.31
20170409_172213,26.64,965.11,60.41
20170409_172243,26.59,965.04,60.42
20170409_172313,26.63,965.03,60.18
20170409_172343,26.58,965.09,60.22
20170409_172413,26.55,965.19,60.54
20170409_172443,26.54,965.15,60.67
20170409_172513,26.52,965.06,60.70
20170409_172543,26.44,965.02,60.48
20170409_172613,26.40,965.05,60.52
20170409_172643,26.38,965.07,60.68
20170409_172713,26.35,965.11,60.52
20170409_172744,26.33,965.11,60.73
20170409_172814,26.32,965.08,60.86
20170409_172844,26.32,965.11,60.93
20170409_172914,26.32,965.18,60.93
20170409_172944,26.31,965.17,60.86
20170409_173014,26.36,965.19,60.83
20170409_173044,26.35,965.23,60.98
20170409_173114,26.34,965.26,61.19
20170409_173144,26.35,965.15,61.29
20170409_173214,26.33,965.22,60.90
20170409_173244,26.33,965.25,61.00
20170409_173314,26.28,965.11,60.92
20170409_173344,26.26,965.18,60.99
20170409_173414,26.23,965.22,60.95
20170409_173444,26.20,965.20,61.24
20170409_173514,26.23,965.25,61.35
20170409_173544,26.25,965.16,61.35
20170409_173614,26.22,965.17,61.40
20170409_173644,26.18,965.04,61.45
20170409_173714,26.16,965.07,61.46
20170409_173744,26.18,965.10,61.39
20170409_173815,26.18,965.20,61.45
20170409_173845,26.17,965.22,61.61
20170409_173915,26.12,965.22,61.68
20170409_173945,26.09,965.12,61.64
20170409_174015,26.05,965.16,61.73
20170409_174045,26.01,965.27,61.90
20170409_174115,25.95,965.21,62.19
20170409_174145,25.95,965.13,62.19
20170409_174215,25.92,965.17,62.22
20170409_174245,25.89,965.09,62.37
20170409_174315,25.88,965.14,62.41
20170409_174345,25.88,965.11,62.43
20170409_174415,25.88,965.13,62.45
20170409_174445,25.87,965.05,62.58
20170409_174515,25.85,965.14,62.78
20170409_174545,25.85,965.10,62.67
20170409_174615,25.84,965.13,62.75
20170409_174645,25.81,965.17,62.82
20170409_174715,25.79,965.15,62.99
20170409_174745,25.76,965.07,62.97
20170409_174815,25.74,965.19,63.11
20170409_174846,25.72,965.18,63.27
20170409_174916,25.71,965.18,63.34
20170409_174946,25.71,965.12,63.35
20170409_175016,25.70,965.18,63.26
20170409_175046,25.71,965.17,63.27
20170409_175116,25.70,965.18,63.37
20170409_175146,25.67,965.17,63.56
20170409_175216,25.65,965.15,63.61
20170409_175246,25.65,965.11,63.60
20170409_175316,25.62,965.17,63.69
20170409_175346,25.60,965.15,63.69
20170409_175416,25.58,965.19,63.67
20170409_175446,25.57,965.27,63.64
20170409_175516,25.54,965.38,63.69
20170409_175546,25.53,965.34,63.63
20170409_175616,25.49,965.26,63.75
20170409_175646,25.47,965.27,63.87
20170409_175716,25.44,965.26,63.89
20170409_175746,25.45,965.20,63.76
20170409_175816,25.45,965.15,63.78
20170409_175846,25.45,965.20,63.89
20170409_175917,25.44,965.14,63.86
20170409_175947,25.43,965.19,63.83
20170409_180017,25.39,965.16,63.99
20170409_180047,25.39,965.16,63.95
20170409_180117,25.37,965.16,64.00
20170409_180147,25.35,965.16,64.11
20170409_180217,25.34,965.08,64.18
20170409_180247,25.34,965.20,64.21
20170409_180317,25.30,965.13,64.38
20170409_180347,25.28,965.11,64.33
20170409_180417,25.28,965.07,64.44
20170409_180447,25.28,965.15,64.53
20170409_180517,25.27,965.08,64.45
20170409_180547,25.25,965.07,64.59
20170409_180617,25.24,965.10,64.66
20170409_180647,25.20,965.01,64.70
20170409_180717,25.19,965.06,64.78
20170409_180747,25.19,965.03,64.69
20170409_180817,25.18,964.97,64.83
20170409_180847,25.18,964.98,64.77
20170409_180917,25.17,964.93,64.92
20170409_180948,25.17,964.90,64.84
20170409_181018,25.19,964.87,64.90
20170409_181048,25.19,964.84,64.92
20170409_181118,25.19,964.91,64.82
20170409_181148,25.16,964.88,64.96
20170409_181218,25.15,964.86,64.92
20170409_181248,25.17,964.95,64.92
20170409_181318,25.19,964.97,64.92
20170409_181348,25.18,964.91,65.03
20170409_181418,25.15,964.85,65.14
20170409_181448,25.14,964.82,65.08
20170409_181518,25.16,964.81,65.11
20170409_181548,25.17,964.70,65.09
20170409_181618,25.17,964.80,65.11
20170409_181648,25.15,964.85,65.22
20170409_181718,25.14,964.81,65.32
20170409_181748,25.15,964.85,65.28
20170409_181818,25.12,964.84,65.36
20170409_181848,25.10,964.85,65.47
20170409_181918,25.09,964.89,65.48
20170409_181948,25.06,964.92,65.49
20170409_182019,25.07,965.10,65.63
20170409_182049,25.03,965.18,65.69
20170409_182119,25.04,965.15,65.72
20170409_182149,25.03,965.21,65.75
20170409_182219,25.00,965.22,65.86
20170409_182249,24.98,965.13,65.94
20170409_182319,24.96,965.23,66.02
20170409_182349,24.93,965.15,66.12
20170409_182419,24.92,965.27,66.16
20170409_182449,24.89,965.22,66.31
20170409_182519,24.86,965.23,66.35
20170409_182549,24.85,965.25,66.38
20170409_182619,24.84,965.34,66.46
20170409_182649,24.83,965.35,66.47
20170409_182719,24.80,965.44,66.68
20170409_182749,24.76,965.44,66.82
20170409_182819,24.75,965.48,66.79
20170409_182849,24.73,965.46,66.88
20170409_182919,24.69,965.36,67.01
20170409_182949,24.66,965.43,66.99
20170409_183019,24.65,965.38,67.01
20170409_183050,24.65,965.41,67.04
20170409_183120,24.63,965.43,67.12
20170409_183150,24.61,965.45,67.09
20170409_183220,24.61,965.44,67.15
20170409_183250,24.58,965.42,67.21
20170409_183320,24.57,965.42,67.29
20170409_183350,24.56,965.40,67.28
20170409_183420,24.54,965.43,67.25
20170409_183450,24.55,965.46,67.29
20170409_183520,24.54,965.54,67.34
20170409_183550,24.51,965.43,67.40
20170409_183620,24.51,965.46,67.37
20170409_183650,24.50,965.49,67.40
20170409_183720,24.49,965.49,67.45
20170409_183750,24.48,965.46,67.51
20170409_183820,24.45,965.51,67.58
20170409_183850,24.44,965.48,67.60
20170409_183920,24.42,965.51,67.70
20170409_183950,24.40,965.43,67.73
20170409_184020,24.37,965.46,67.80
20170409_184050,24.37,965.44,67.79
20170409_184121,24.37,965.43,67.82
20170409_184151,24.34,965.39,67.91
20170409_184221,24.32,965.36,67.96
20170409_184251,24.32,965.40,67.82
20170409_184321,24.32,965.31,67.84
20170409_184351,24.31,965.47,67.82
20170409_184421,24.32,965.38,67.82
20170409_184451,24.31,965.40,67.85
20170409_184521,24.28,965.52,67.93
20170409_184551,24.27,965.55,68.00
20170409_184621,24.26,965.46,68.06
20170409_184651,24.25,965.55,68.07
20170409_184721,24.25,965.62,68.13
20170409_184751,24.23,965.56,68.16
20170409_184821,24.23,965.52,68.13
20170409_184851,24.23,965.50,68.18
20170409_184921,24.20,965.52,68.21
20170409_184951,24.21,965.60,68.22
20170409_185021,24.21,965.54,68.25
20170409_185051,24.20,965.43,68.24
20170409_185121,24.19,965.43,68.32
20170409_185152,24.18,965.47,68.33
20170409_185222,24.17,965.44,68.38
20170409_185252,24.16,965.45,68.42
20170409_185322,24.15,965.38,68.43
20170409_185352,24.14,965.37,68.43
20170409_185422,24.13,965.39,68.48
20170409_185452,24.12,965.45,68.54
20170409_185522,24.10,965.33,68.57
20170409_185552,24.10,965.37,68.52
20170409_185622,24.09,965.35,68.58
20170409_185652,24.08,965.19,68.62
20170409_185722,24.09,965.17,68.58
20170409_185752,24.08,965.16,68.59
20170409_185822,24.08,965.03,68.56
20170409_185852,24.05,965.00,68.67
20170409_185922,24.04,964.97,68.68
20170409_185952,24.01,965.00,68.78
20170409_190022,23.99,965.04,68.85
20170409_190052,23.97,965.00,68.92
20170409_190122,23.95,965.06,68.84
20170409_191726,23.71,965.50,69.78
20170409_191756,23.84,965.45,69.47
20170409_191826,23.91,965.53,69.25
20170409_191856,23.90,965.52,69.19
20170409_191926,23.94,965.47,69.09
20170409_191957,23.95,965.53,69.02
20170409_192027,23.98,965.48,68.92
20170409_192057,23.96,965.46, NAN
20170409_192127,23.96,965.46,68.96
20170409_192157,23.95,965.47,68.99
20170409_192227,23.93,965.44,69.01
20170409_192257,23.92,965.41,69.02
20170409_192327,23.91,965.42,69.07
20170409_192357,23.91,965.36,69.05
20170409_192427,23.93,965.40,69.02
20170409_192457,23.98,965.31,68.84
20170409_192527,23.95,965.34,68.93
20170409_192557,23.90,965.25,69.08
20170409_192627,23.88,965.31,69.15
20170409_192657,23.89,965.36,69.14
20170409_192727,23.86,965.35,69.19
20170409_192757,23.82,965.31,69.24
20170409_192827,23.77,965.28,69.39
20170409_192857,23.76,965.37,69.41
20170409_192927,23.75,965.32,69.50
20170409_192957,23.79,965.30,69.39
20170409_193027,23.75,965.36,69.45
20170409_193058,23.78,965.31,69.38
20170409_193128,23.72,965.33,69.49
20170409_193158,23.73,965.30,69.48
20170409_193228,23.74,965.22,69.45
20170409_193258,23.71,965.33,69.52
20170409_193328,23.69,965.19,69.51
20170409_193358,23.65,965.16,69.63
20170409_193428,23.67,965.19,69.53
20170409_193458,23.66,965.22,69.55
20170409_193528,23.67,965.23,69.54
20170409_193558,23.64,965.32,69.55
20170409_193628,23.63,965.17,69.63
20170409_193658,23.63,965.23,69.55
20170409_193728,23.63,965.21,69.60
20170409_193758,23.61,965.16,69.54
20170409_193828,23.59,965.29,69.58
20170409_193858,23.58,965.15,69.69
20170409_193928,23.57,965.10,69.39
20170409_193958,23.56,965.10,69.58
20170409_194028,23.58,965.00,69.54
20170409_194058,23.53,965.07,69.38
20170409_194128,23.50,965.11,69.80
20170409_194159,23.52,965.20,69.88
20170409_194229,23.42,965.16,69.98
20170409_194259,23.37,965.12,70.17
20170409_194329,23.31,965.04,70.31
20170409_194359,23.29,965.11,70.41
20170409_194429,23.25,965.01,70.52
20170409_194459,23.23,965.01,70.62
20170409_194529,23.22,964.96,70.68
20170409_194559,23.15,964.98,70.85
20170409_194629,23.12,964.93,71.00
20170409_194659,23.12,965.00,71.01
20170409_194729,23.12,964.95,71.03
20170409_194759,23.12,964.91,71.04
20170409_194829,23.10,964.97,71.10
20170409_194859,23.07,964.86,71.18
20170409_194929,23.05,964.88,71.26
20170409_194959,23.05,964.90,71.31
20170409_195029,23.05,964.97,71.31
20170409_195059,23.05,964.88,71.31
20170409_195129,23.06,964.85,71.31
20170409_195159,23.04,964.86,71.37
20170409_195229,23.00,964.92,71.51
20170409_195259,23.02,964.90,71.45
20170409_195330,23.00,964.97,71.54
20170409_195400,23.02,965.01,71.49
20170409_195430,23.03,964.94,71.46
20170409_195500,23.04,964.84,71.46
20170409_195530,23.04,964.86,71.46
20170409_195600,23.05,964.87,71.45
20170409_195630,23.04,964.83,71.46
20170409_195700,23.04,964.82,71.45
20170409_195730,23.03,964.83,71.52
20170409_195800,23.01,964.82,71.61
20170409_195830,23.00,964.81,71.62
20170409_195900,23.02,964.86,71.56
20170409_195930,23.03,964.72,71.51
20170409_200000,23.05,964.93,71.48
20170409_200030,23.04,964.87,71.57
20170409_200100,23.04,964.91,71.56
20170409_200130,23.04,964.93,71.54
20170409_200200,23.04,964.90,71.54
20170409_200230,23.04,965.00,71.56
20170409_200300,23.02,965.08,71.63
20170409_200330,23.03,965.07,71.67
20170409_200401,23.03,965.26,71.67
20170409_200431,23.04,965.39,71.66
20170409_200501,23.05,965.55,71.62
20170409_200531,23.05,965.64,71.62
20170409_200601,23.04,965.67,71.63
20170409_200631,23.05,965.81,71.64
20170409_200701,23.05,965.93,71.62
20170409_200731,23.06,966.11,71.64
20170409_200801,23.05,966.21,71.67
20170409_200831,23.05,966.24,71.67
20170409_200901,23.04,966.29,71.77
20170409_200931,23.03,966.22,71.75
20170409_201001,23.03,966.27,71.75
20170409_201031,23.03,966.29,71.75
20170409_201101,23.01,966.31,71.81
20170409_201131,23.01,966.33,71.83
20170409_201201,23.00,966.39,71.87
20170409_201231,22.99,966.38,71.94
20170409_201301,22.97,966.52,71.99
20170409_201331,22.95,966.49,72.06
20170409_201401,22.92,966.50,72.15
20170409_201431,22.93,966.51,72.16
20170409_201501,22.92,966.49,72.20
20170409_201532,22.90,966.47,72.24
20170409_201602,22.90,966.46,72.21
20170409_201632,22.89,966.35,72.23
20170409_201702,22.88,966.36,72.27
20170409_201732,22.89,966.53,72.25
20170409_201802,22.87,966.48,72.31
20170409_201832,22.88,966.53,72.30
20170409_201902,22.86,966.56,72.32
20170409_201932,22.85,966.56,72.40
20170409_202002,22.84,966.52,72.40
20170409_202032,22.82,966.54,72.44
20170409_202102,22.80,966.50,72.54
20170409_202132,22.79,966.53,72.58
20170409_202202,22.78,966.49,72.60
20170409_202232,22.77,966.46,72.65
20170409_202302,22.76,966.46,72.69
20170409_202332,22.77,966.47,72.65
20170409_202402,22.78,966.50,72.63
20170409_202432,22.77,966.49,72.68
20170409_202502,22.77,966.54,72.67
20170409_202532,22.77,966.51,72.65
20170409_202602,22.75,966.49,72.72
20170409_202633,22.74,966.51,72.73
20170409_202703,22.74,966.51,72.75
20170409_202733,22.75,966.53,72.73
20170409_202803,22.74,966.42,72.75
20170409_202833,22.75,966.49,72.68
20170409_202903,22.77,966.61,72.58
20170409_202933,22.79,966.63,72.60
20170409_203003,22.76,966.61,72.68
20170409_203033,22.74,966.69,72.77
20170409_203103,22.74,966.60,72.75
20170409_203133,22.74,966.63,72.78
20170409_203203,22.73,966.68,72.78
20170409_203233,22.72,966.72,72.84
20170409_203303,22.73,966.70,72.81
20170409_203333,22.75,966.68,72.71
20170409_203403,22.75,966.75,72.72
20170409_203433,22.75,966.71,72.75
20170409_203503,22.76,966.69,72.74
20170409_203533,22.75,966.64,72.72
20170409_203603,22.74,966.72,72.79
20170409_203633,22.74,966.77,72.81
20170409_203703,22.74,966.72,72.78
20170409_203734,22.74,966.68,72.79
20170409_203804,22.73,966.78,72.82
20170409_203834,22.71,966.72,72.92
20170409_203904,22.71,966.86,72.92
20170409_203934,22.70,966.84,72.96
20170409_204004,22.69,966.87,72.97
20170409_204034,22.69,966.85,72.99
20170409_204104,22.70,966.86,72.96
20170409_204134,22.68,966.88,73.00
20170409_204204,22.70,966.95,73.00
20170409_204234,22.70,966.99,73.05
20170409_204304,22.73,966.97,72.95
20170409_204334,22.75,966.97,72.87
20170409_204404,22.75,966.97,72.89
20170409_204434,22.74,966.96,72.92
20170409_204504,22.73,966.96,72.97
20170409_204534,22.72,966.98,72.97
20170409_204604,22.72,966.95,73.01
20170409_204634,22.73,967.01,73.00
20170409_204704,22.73,966.94,72.97
20170409_204734,22.73,967.10,73.01
20170409_204804,22.73,967.03,73.00
20170409_204834,22.73,967.01,73.00
20170409_204905,22.73,967.01,73.00
20170409_204935,22.73,966.97,73.02
20170409_205005,22.73,966.91,73.02
20170409_205035,22.71,966.99,73.06
20170409_205105,22.70,966.94,73.11
20170409_205135,22.67,966.94,73.21
20170409_205205,22.66,966.88,73.25
20170409_205235,22.66,966.92,73.26
20170409_205305,22.65,966.94,73.31
20170409_205335,22.62,966.88,73.37
20170409_205405,22.62,966.91,73.41
20170409_205435,22.60,966.88,73.47
20170409_205505,22.58,966.87,73.54
20170409_205535,22.57,966.91,73.61
20170409_205605,22.58,966.92,73.60
20170409_205635,22.58,966.93,73.60
20170409_205705,22.59,966.89,73.58
20170409_205735,22.56,966.97,73.64
20170409_205805,22.55,966.94,73.69
20170409_205835,22.56,966.92,73.66
20170409_205905,22.57,966.96,73.65
20170409_205935,22.56,966.94,73.66
20170409_210006,22.53,966.97,73.74
20170409_210036,22.51,966.92,73.81
20170409_210106,22.50,966.98,73.86
20170409_210136,22.47,966.90,73.92
20170409_210206,22.45,966.94,74.03
20170409_210236,22.43,966.92,74.10
20170409_210306,22.42,966.92,74.11
20170409_210336,22.41,966.91,74.17
20170409_210406,22.40,966.96,74.19
20170409_210436,22.39,966.96,74.28
20170409_210506,22.38,967.00,74.38
20170409_210536,22.39,966.97,74.34
20170409_210606,22.40,966.98,74.34
20170409_210636,22.40,966.96,74.34
20170409_210706,22.41,966.96,74.35
20170409_210736,22.40,967.03,74.37
20170409_210806,22.38,966.97,74.46
20170409_210836,22.39,967.06,74.44
20170409_210906,22.39,966.94,74.44
20170409_210936,22.38,966.99,74.54
20170409_211006,22.39,966.94,74.48
20170409_211036,22.40,966.88,74.46
20170409_211107,22.38,966.96,74.48
20170409_211137,22.37,966.88,74.53
20170409_211207,22.37,966.92,74.58
20170409_211237,22.36,966.90,74.59
20170409_211307,22.34,966.96,74.69
20170409_211337,22.35,966.93,74.67
20170409_211407,22.34,966.95,74.67
20170409_211437,22.33,966.97,74.71
20170409_211507,22.31,966.92,74.80
20170409_211537,22.31,966.92,74.80
20170409_211607,22.29,967.00,74.88
20170409_211637,22.25,966.99,75.01
20170409_211707,22.26,967.06,75.04
20170409_211737,22.24,967.05,75.10
20170409_211807,22.24,967.03,75.14
20170409_211837,22.23,967.04,75.16
20170409_211907,22.22,967.07,75.23
20170409_211937,22.20,967.02,75.28
20170409_212007,22.19,966.94,75.31
20170409_212037,22.18,966.96,75.32
20170409_212107,22.16,967.04,75.42
20170409_212137,22.16,967.00,75.45
20170409_212208,22.16,967.05,75.47
20170409_212238,22.14,967.08,75.50
20170409_212308,22.14,967.07,75.58
20170409_212338,22.12,967.04,75.63
20170409_212408,22.11,967.02,75.63
20170409_212438,22.09,967.03,75.69
20170409_212508,22.06,967.10,75.78
20170409_212538,22.04,967.10,75.90
20170409_212608,22.01,967.17,76.04
20170409_212638,22.03,967.12,76.00
20170409_212708,22.05,967.10,75.99
20170409_212738,22.06,967.19,75.96
20170409_212808,22.08,967.21,75.95
20170409_212838,22.08,967.12,75.94
20170409_212908,22.09,967.22,75.89
20170409_212938,22.08,967.17,75.92
20170409_213008,22.06,967.18,75.96
20170409_213038,22.03,967.24,76.08
20170409_213108,22.01,967.14,76.16
20170409_213138,22.01,967.17,76.20
20170409_213208,22.01,967.18,76.19
20170409_213238,22.01,967.22,76.20
20170409_213309,22.00,967.21,76.26
20170409_213339,21.98,967.22,76.31
20170409_213409,21.96,967.22,76.36
20170409_213439,21.95,967.22,76.43
20170409_213509,21.93,967.23,76.49
20170409_213539,21.92,967.25,76.55
20170409_213609,21.93,967.23,76.58
20170409_213639,21.91,967.28,76.64
20170409_213709,21.89,967.25,76.69
20170409_213739,21.90,967.25,76.71
20170409_213809,21.90,967.27,76.71
20170409_213839,21.89,967.32,76.73
20170409_213909,21.89,967.29,76.77
20170409_213939,21.88,967.30,76.82
20170409_214009,21.90,967.28,76.76
20170409_214039,21.90,967.31,76.78
20170409_214109,21.89,967.42,76.79
20170409_214139,21.87,967.39,76.85
20170409_214209,21.88,967.38,76.85
20170409_214239,21.85,967.35,76.95
20170409_214309,21.84,967.44,76.96
20170409_214339,21.83,967.47,76.98
20170409_214409,21.83,967.44,77.00
20170409_214440,21.81,967.49,77.07
20170409_214510,21.81,967.48,77.13
20170409_214540,21.80,967.55,77.26
20170409_214610,21.78,967.51,77.26
20170409_214640,21.79,967.49,77.34
20170409_214710,21.81,967.56,77.30
20170409_214740,21.80,967.53,77.29
20170409_214810,21.80,967.57,77.38
20170409_214840,21.77,967.55,77.44
20170409_214910,21.78,967.51,77.41
20170409_214940,21.76,967.55,77.45
20170409_215010,21.75,967.50,77.51
20170409_215040,21.76,967.57,77.56
20170409_215110,21.75,967.65,77.62
20170409_215140,21.76,967.64,77.59
20170409_215210,21.76,967.64,77.57
20170409_215240,21.76,967.63,77.60
20170409_215310,21.76,967.72,77.60
20170409_215340,21.75,967.61,77.62
20170409_215410,21.75,967.67,77.65
20170409_215440,21.73,967.74,77.69
20170409_215510,21.73,967.67,77.71
20170409_215541,21.71,967.75,77.77
20170409_215611,21.70,967.81,77.84
20170409_215641,21.70,967.72,77.89
20170409_215711,21.71,967.75,77.84
20170409_215741,21.71,967.80,77.89
20170409_215811,21.70,967.87,77.90
20170409_215841,21.69,967.87,77.94
20170409_215911,21.69,967.91,77.99
20170409_215941,21.68,967.92,78.01
20170409_220011,21.66,967.87,78.09
20170409_220041,21.66,967.90,78.09
20170409_220111,21.67,967.95,78.06
20170409_220141,21.67,967.90,78.06
20170409_220211,21.68,967.91,78.04
20170409_220241,21.67,967.97,78.08
20170409_220311,21.67,968.01,78.08
20170409_220341,21.66,967.98,78.12
20170409_220411,21.67,967.98,78.12
20170409_220441,21.67,967.99,78.13
20170409_220511,21.68,968.02,78.04
20170409_220541,21.74,967.99,77.70
20170409_220611,21.76,967.99,77.68
20170409_220641,21.76,967.94,77.69
20170409_220712,21.74,968.00,77.69
20170409_220742,21.75,967.95,77.64
20170409_220812,21.75,968.06,77.68
20170409_220842,21.73,967.99,77.76
20170409_220912,21.74,968.07,77.67
20170409_220942,21.75,968.07,77.64
20170409_221012,21.75,968.07,77.67
20170409_221042,21.72,968.09,77.74
20170409_221112,21.69,968.08,77.83
20170409_221142,21.70,968.06,77.81
20170409_221212,21.71,968.09,77.80
20170409_221242,21.69,968.13,77.80
20170409_221312,21.68,968.15,77.71
20170409_221342,21.69,968.21,77.71
20170409_221412,21.68,968.22,77.77
20170409_221442,21.65,968.18,77.88
20170409_221512,21.63,968.27,77.96
20170409_221542,21.61,968.23,78.00
20170409_221612,21.60,968.19,78.05
20170409_221642,21.58,968.18,78.12
20170409_221712,21.55,968.20,78.19
20170409_221742,21.52,968.21,78.25
20170409_221813,21.50,968.22,78.32
20170409_221843,21.50,968.24,78.36
20170409_221913,21.48,968.23,78.36
20170409_221943,21.46,968.24,78.43
20170409_222013,21.47,968.18,78.21
20170409_222043,21.47,968.19,78.14
20170409_222113,21.47,968.18,78.27
20170409_222143,21.46,968.18,77.88
20170409_222213,21.47,968.19,77.74
20170409_222243,21.44,968.19,77.91
20170409_222313,21.43,968.29,77.97
20170409_222343,21.40,968.35,78.10
20170409_222413,21.38,968.29,78.11
20170409_222443,21.35,968.38,78.18
20170409_222513,21.29,968.37,78.42
20170409_222543,21.25,968.31,78.55
20170409_222613,21.22,968.34,78.65
20170409_222643,21.17,968.40,78.70
20170409_222713,21.17,968.37,78.63
20170409_222743,21.14,968.43,78.69
20170409_222813,21.10,968.40,78.78
20170409_222843,21.06,968.48,78.81
20170409_222913,21.03,968.42,78.88
20170409_222944,20.97,968.47,78.94
20170409_223014,20.91,968.36,79.03
20170409_223044,20.88,968.46,78.99
20170409_223114,20.85,968.44,79.07
20170409_223144,20.80,968.51,78.97
20170409_223214,20.77,968.47,79.01
20170409_223244,20.71,968.52,79.17
20170409_223314,20.68,968.56,79.24
20170409_223344,20.65,968.63,79.39
20170409_223414,20.60,968.61,79.44
20170409_223444,20.55,968.70,79.44
20170409_223514,20.54,968.88,79.24
20170409_223544,20.51,968.88,79.40
20170409_223614,20.48,969.02,79.39
20170409_223644,20.45,969.04,79.50
20170409_223714,20.41,969.04,79.51
20170409_223744,20.39,969.09,79.64
20170409_223814,20.36,969.13,79.49
20170409_223844,20.36,969.10,79.22
20170409_223914,20.37,969.07,78.97
20170409_223944,20.38,969.13,78.62
20170409_224014,20.39,969.12,78.46
20170409_224045,20.38,969.11,78.35
20170409_224115,20.39,969.17,78.21
20170409_224145,20.37,969.15,78.01
20170409_224215,20.36,969.19,77.84
20170409_224245,20.36,969.15,77.71
20170409_224315,20.37,969.14,77.51
20170409_224345,20.36,969.03,77.18
20170409_224415,20.36,969.03,76.90
20170409_224445,20.34,969.08,76.55
20170409_224515,20.31,969.13,76.49
20170409_224545,20.29,969.12,76.56
20170409_224615,20.28,969.05,76.50
20170409_224645,20.25,969.04,76.55
20170409_224715,20.23,969.08,76.41
20170409_224745,20.20,969.09,76.38
20170409_224815,20.17,969.11,76.50
20170409_224845,20.15,969.17,76.62
20170409_224915,20.13,969.33,76.61
20170409_224945,20.10,969.30,76.70
20170409_225015,20.04,969.33,76.93
20170409_225045,20.00,969.30,77.01
20170409_225115,19.99,969.27,77.02
20170409_225146,19.94,969.28,76.86
20170409_225216,19.90,969.24,76.88
20170409_225246,19.89,969.25,76.64
20170409_225316,19.86,969.28,76.90
20170409_225346,19.83,969.22,77.04
20170409_225416,19.82,969.20,76.60
20170409_225446,19.79,969.24,76.99
20170409_225516,19.73,969.29,77.25
20170409_225546,19.69,969.30,77.46
20170409_225616,19.66,969.25,77.06
20170409_225646,19.66,969.27,76.60
20170409_225716,19.65,969.24,76.65
20170409_225746,19.66,969.25,76.49
20170409_225816,19.63,969.22,76.58
20170409_225846,19.61,969.27,76.62
20170409_225916,19.57,969.19,76.56
20170409_225946,19.55,969.25,76.52
20170409_230016,19.54,969.20,76.37
20170409_230046,19.53,969.17,76.39
20170409_230116,19.49,969.16,76.35
20170409_230147,19.48,969.22,76.34
20170409_230217,19.46,969.27,76.45
20170409_230247,19.42,969.12,76.54
20170409_230317,19.40,969.19,76.44
20170409_230347,19.39,969.14,76.23
20170409_230417,19.38,969.15,76.31
20170409_230447,19.35,969.19,76.34
20170409_230517,19.35,969.19,76.17
20170409_230547,19.34,969.08,76.10
20170409_230617,19.33,969.12,76.00
20170409_230647,19.32,969.04,76.01
20170409_230717,19.32,968.99,76.11
20170409_230747,19.30,968.98,76.26
20170409_230817,19.25,968.92,76.49
20170409_230847,19.21,968.87,76.53
20170409_230917,19.21,968.88,76.30
20170409_230947,19.20,968.91,76.36
20170409_231017,19.18,968.92,76.14
20170409_231047,19.18,968.92,75.81
20170409_231117,19.18,969.00,75.72
20170409_231147,19.19,968.97,75.56
20170409_231217,19.17,968.96,75.57
20170409_231248,19.16,968.91,75.38
20170409_231318,19.17,969.05,75.42
20170409_231348,19.13,968.94,75.59
20170409_231418,19.10,968.82,75.56
20170409_231448,19.15,969.03,74.18
20170409_231518,19.17,969.01,74.19
20170409_231548,19.15,968.95,74.47
20170409_231618,19.12,969.02,74.68
20170409_231648,19.10,969.07,74.71
20170409_231718,19.09,969.01,74.73
20170409_231748,19.07,969.12,74.88
20170409_231818,19.07,969.15,74.65
20170409_231848,19.05,969.09,74.86
20170409_231918,19.02,969.20,75.01
20170409_231948,18.99,969.16,75.05
20170409_232018,18.98,969.09,75.13
20170409_232048,18.97,969.13,75.07
20170409_232118,18.95,969.11,75.02
20170409_232148,18.94,969.20,74.96
20170409_232218,18.94,969.24,75.08
20170409_232248,18.91,969.24,75.17
20170409_232318,18.90,969.25,75.27
20170409_232348,18.90,969.23,75.37
20170409_232419,18.86,969.27,75.41
20170409_232449,18.84,969.22,75.32
20170409_232519,18.82,969.29,75.42
20170409_232549,18.79,969.41,75.56
20170409_232619,18.78,969.46,75.58
20170409_232649,18.77,969.43,75.44
20170409_232719,18.75,969.49,75.53
20170409_232749,18.74,969.48,75.52
20170409_232819,18.73,969.44,75.55
20170409_232849,18.71,969.37,75.37
20170409_232919,18.73,969.37,75.32
20170409_232949,18.73,969.33,75.08
20170409_233019,18.73,969.40,75.29
20170409_233049,18.72,969.44,75.18
20170409_233119,18.71,969.40,75.25
20170409_233149,18.69,969.46,75.28
20170409_233219,18.67,969.43,75.38
20170409_233249,18.66,969.43,75.47
20170409_233319,18.63,969.48,75.56
20170409_233349,18.62,969.55,75.45
20170409_233419,18.62,969.55,75.45
20170409_233449,18.60,969.52,75.25
20170409_233519,18.64,969.48,74.85
20170409_233550,18.65,969.56,74.90
20170409_233620,18.65,969.43,74.86
20170409_233650,18.63,969.50,74.95
20170409_233720,18.58,969.49,75.38
20170409_233750,18.59,969.36,75.03
20170409_233820,18.59,969.41,75.07
20170409_233850,18.59,969.30,75.20
20170409_233920,18.55,969.16,74.79
20170409_233950,18.56,969.33,74.82
20170409_234020,18.54,969.45,75.01
20170409_234050,18.53,969.07,75.04
20170409_234120,18.53,968.80,74.98
20170409_234150,18.52,968.55,75.22
20170409_234220,18.48,968.31,75.01
20170409_234250,18.45,968.28,74.78
20170409_234320,18.43,968.32,74.87
20170409_234350,18.43,968.34,74.79
20170409_234420,18.43,968.27,74.47
20170409_234450,18.42,968.13,74.76
20170409_234520,18.44,968.01,74.47
20170409_234550,18.44,968.07,74.40
20170409_234620,18.44,968.14,74.41
20170409_234651,18.45,968.16,74.28
20170409_234721,18.43,968.11,74.18
20170409_234751,18.42,968.17,74.04
20170409_234821,18.39,968.17,73.92
20170409_234851,18.39,968.11,74.00
20170409_234921,18.39,968.21,73.86
20170409_234951,18.37,968.15,73.85
20170409_235021,18.38,968.14,73.91
20170409_235051,18.36,968.11,74.02
20170409_235121,18.30,968.11,74.47
20170409_235151,18.32,968.14,74.32
20170409_235221,18.32,968.18,74.22
20170409_235251,18.31,968.16,74.20
20170409_235321,18.29,968.23,74.25
20170409_235351,18.31,968.18,74.27
20170409_235421,18.30,968.19,74.29
20170409_235451,18.28,968.17,74.37
20170409_235521,18.29,968.20,74.35
20170409_235551,18.29,968.18,74.42
20170409_235621,18.29,968.23,74.37
20170409_235651,18.28,968.18,74.36
20170409_235721,18.29,968.25,74.16
20170409_235751,18.29,968.24,74.07
20170409_235822,18.28,968.17,74.07
20170409_235852,18.27,968.09,74.18
20170409_235922,18.25,968.04,74.38
20170409_235952,18.26,968.07,74.48
