20170410_000022,18.26,968.02,74.54
20170410_000052,18.26,968.02,74.63
20170410_000122,18.26,968.08,74.76
20170410_000152,18.26,968.09,74.91
20170410_000222,18.25,968.08,74.97
20170410_000252,18.25,968.09,75.01
20170410_000322,18.22,968.10,75.05
20170410_000352,18.20,968.02,75.13
20170410_000422,18.20,968.06,75.16
20170410_000452,18.22,968.09,75.20
20170410_000522,18.23,968.01,75.22
20170410_000552,18.24,968.03,75.22
20170410_000622,18.23,967.97,75.21
20170410_000652,18.23,967.90,75.18
20170410_000722,18.24,967.82,75.11
20170410_000752,18.23,967.79,75.20
20170410_000822,18.22,967.71,75.24
20170410_000852,18.22,967.57,75.29
20170410_000922,18.19,967.53,75.38
20170410_000953,18.19,967.47,75.30
20170410_001023,18.19,967.43,75.38
20170410_001053,18.13,967.41,75.63
20170410_001123,18.12,967.40,75.72
20170410_001153,18.06,967.38,75.81
20170410_001223,18.01,967.41,76.12
20170410_001253,17.93,967.42,76.51
20170410_001323,17.87,967.37,76.77
20170410_001353,17.84,967.48,76.91
20170410_001423,17.82,967.50,77.03
20170410_001453,17.75,967.55,77.30
20170410_001523,17.72,967.63,77.58
20170410_001553,17.68,967.65,77.93
20170410_001623,17.61,967.66,78.33
20170410_001653,17.57,967.66,78.56
20170410_001723,17.53,967.61,78.61
20170410_001753,17.55,967.67,78.36
20170410_001823,17.55,967.70,78.09
20170410_001853,17.55,967.84,78.12
20170410_001923,17.49,967.92,78.32
20170410_001953,17.39,967.96,78.96
20170410_002023,17.33,968.00,79.60
20170410_002053,17.27,967.99,79.90
20170410_002124,17.21,967.99,80.22
20170410_002154,17.17,968.04,80.27
20170410_002224,17.17,968.07,80.27
20170410_002254,17.13,968.05,80.52
20170410_002324,17.05,968.12,80.78
20170410_002354,16.99,968.14,81.05
20170410_002424,16.95,968.26,81.13
20170410_002454,16.94,968.31,81.29
20170410_002524,16.91,968.31,81.47
20170410_002554,16.89,968.27,81.32
20170410_002624,16.89,968.31,81.27
20170410_002654,16.91,968.28,81.01
20170410_002724,16.91,968.36,80.79
20170410_002754,16.88,968.39,80.78
20170410_002824,16.85,968.51,81.00
20170410_002854,16.83,968.49,80.93
20170410_002924,16.80,968.60,81.02
20170410_002954,16.82,968.60,80.56
20170410_003024,16.83,968.59,79.94
20170410_003054,16.84,968.56,79.74
20170410_003124,16.82,968.54,79.92
20170410_003154,16.79,968.46,79.98
20170410_003224,16.77,968.44,80.03
20170410_003255,16.75,968.55,80.14
20170410_003325,16.69,968.55,80.09
20170410_003355,16.69,968.64,80.17
20170410_003425,16.69,968.68,80.07
20170410_003455,16.65,968.64,80.21
20170410_003525,16.68,968.68,80.33
20170410_003555,16.62,968.66,80.33
20170410_003625,16.54,968.68,80.80
20170410_003655,16.58,968.68,80.66
20170410_003725,16.56,968.65,80.35
20170410_003755,16.57,968.72,79.91
20170410_003825,16.57,968.75,79.77
20170410_003855,16.54,968.73,79.80
20170410_003925,16.55,968.78,79.60
20170410_003955,16.55,968.83,79.32
20170410_004025,16.51,968.87,79.50
20170410_004055,16.51,968.95,79.54
20170410_004125,16.48,969.05,79.58
20170410_004155,16.49,969.04,79.72
20170410_004225,16.52,969.09,79.49
20170410_004255,16.43,969.13,80.13
20170410_004325,16.45,969.21,79.86
20170410_004356,16.42,969.30,79.96
20170410_004426,16.42,969.35,80.00
20170410_004456,16.40,969.47,80.27
20170410_004526,16.34,969.43,80.19
20170410_004556,16.33,969.54,80.10
20170410_004626,16.30,969.67,80.04
20170410_004656,16.29,969.75,80.11
20170410_004726,16.30,969.78,80.16
20170410_004756,16.28,969.81,80.24
20170410_004826,16.25,969.77,80.28
20170410_004856,16.25,969.86,80.27
20170410_004926,16.24,969.84,80.26
20170410_004956,16.21,969.81,80.35
20170410_005026,16.21,969.78,80.43
20170410_005056,16.18,969.72,80.54
20170410_005126,16.18,969.80,80.46
20170410_005156,16.19,969.88,80.36
20170410_005226,16.16,969.79,80.44
20170410_005256,16.16,969.80,80.50
20170410_005326,16.16,969.89,80.44
20170410_005356,16.16,969.91,80.54
20170410_005426,16.15,970.01,80.70
20170410_005456,16.13,970.10,80.67
20170410_005526,16.10,970.12,80.91
20170410_005557,16.12,970.09,80.91
20170410_005627,16.10,970.04,80.78
20170410_005657,16.09,970.09,80.80
20170410_005727,16.09,970.09,80.78
20170410_005757,16.06,970.16,80.80
20170410_005827,16.05,970.17,80.76
20170410_005857,16.03,970.21,80.83
20170410_005927,16.02,970.26,80.74
20170410_005957,16.02,970.24,80.73
20170410_010027,16.00,970.25,80.83
20170410_010057,15.97,970.31,80.94
20170410_010127,15.91,970.26,81.09
20170410_010157,15.89,970.24,81.18
20170410_010227,15.87,970.30,81.35
20170410_010257,15.84,970.25,81.44
20170410_010327,15.84,970.29,81.47
20170410_010357,15.81,970.25,81.63
20170410_010427,15.78,970.24,81.90
20170410_010457,15.75,970.21,81.91
20170410_010527,15.75,970.22,81.94
20170410_010557,15.73,970.28,82.01
20170410_010627,15.73,970.28,82.02
20170410_010658,15.72,970.28,81.97
20170410_010728,15.69,970.25,82.07
20170410_010758,15.68,970.19,82.12
20170410_010828,15.69,970.19,82.05
20170410_010858,15.69,970.17,82.03
20170410_010928,15.70,970.22,81.98
20170410_010958,15.71,970.19,82.03
20170410_011028,15.69,970.16,82.09
20170410_011058,15.68,970.15,82.15
20170410_011128,15.68,970.07,82.15
20170410_011158,15.69,970.13,82.12
20170410_011228,15.68,970.11,82.02
20170410_011258,15.68,970.08,81.98
20170410_011328,15.68,970.04,82.09
20170410_011358,15.66,970.01,82.19
20170410_011428,15.66,970.06,82.21
20170410_011458,15.63,970.04,82.33
20170410_011528,15.65,970.02,82.25
20170410_011558,15.67,970.05,82.01
20170410_011628,15.68,970.11,81.93
20170410_011658,15.67,970.12,81.90
20170410_011728,15.67,970.20,81.94
20170410_011758,15.66,970.32,81.87
20170410_011828,15.68,970.31,81.83
20170410_011859,15.68,970.39,81.71
20170410_011929,15.69,970.44,81.66
20170410_011959,15.68,970.49,81.79
20170410_012029,15.68,970.46,81.92
20170410_012059,15.68,970.53,81.92
20170410_012129,15.65,970.50,82.10
20170410_012159,15.64,970.63,82.16
20170410_012229,15.63,970.73,82.19
20170410_012259,15.62,970.71,82.20
20170410_012329,15.59,970.77,82.26
20170410_012359,15.59,970.75,82.25
20170410_012429,15.59,970.79,82.25
20170410_012459,15.58,970.90,82.26
20170410_012529,15.57,970.81,82.18
20170410_012559,15.57,970.84,82.10
20170410_012629,15.58,970.78,81.98
20170410_012659,15.59,970.70,81.90
20170410_012729,15.61,970.64,81.80
20170410_012759,15.61,970.59,81.76
20170410_012829,15.63,970.57,81.38
20170410_012859,15.62,970.52,81.13
20170410_012929,15.63,970.60,81.00
20170410_012959,15.63,970.66,81.04
20170410_013030,15.63,970.73,81.04
20170410_013100,15.61,970.86,80.83
20170410_013130,15.63,971.08,80.49
20170410_013200,15.62,971.29,80.32
20170410_013230,15.60,971.46,80.20
20170410_013300,15.60,971.58,80.09
20170410_013330,15.57,971.58,80.28
20170410_013400,15.57,971.66,80.30
20170410_013430,15.58,971.61,80.20
20170410_013500,15.55,971.64,80.14
20170410_013530,15.54,971.50,80.00
20170410_013600,15.50,971.52,79.89
20170410_013630,15.48,971.48,79.65
20170410_013700,15.47,971.41,79.63
20170410_013730,15.46,971.32,79.20
20170410_013800,15.47,971.10,78.98
20170410_013830,15.49,970.93,78.91
20170410_013900,15.48,970.87,78.88
20170410_013930,15.48,970.89,78.86
20170410_014000,15.46,970.90,78.76
20170410_014030,15.47,971.08,78.83
20170410_014100,15.44,971.29,79.03
20170410_014130,15.42,971.38,79.34
20170410_014201,15.40,971.40,79.65
20170410_014231,15.38,971.38,79.72
20170410_014301,15.36,971.40,79.50
20170410_014331,15.33,971.41,79.55
20170410_014401,15.33,971.51,79.35
20170410_014431,15.33,971.51,79.40
20170410_014501,15.31,971.49,79.48
20170410_014531,15.29,971.47,79.78
20170410_014601,15.29,971.51,79.94
20170410_014631,15.29,971.66,79.68
20170410_014701,15.28,971.91,79.93
20170410_014731,15.24,972.00,80.39
20170410_014801,15.21,972.13,80.87
20170410_014831,15.16,972.05,81.36
20170410_014901,15.15,971.95,81.08
20170410_014931,15.17,971.68,80.98
20170410_015001,15.12,971.35,80.58
20170410_015031,15.14,971.29,79.75
20170410_015101,15.17,971.23,79.43
20170410_015131,15.15,971.25,79.56
20170410_015201,15.15,971.27,79.42
20170410_015231,15.18,971.38,79.46
20170410_015301,15.15,971.48,79.61
20170410_015332,15.14,971.64,79.84
20170410_015402,15.15,971.92,79.99
20170410_015432,15.12,972.02,80.53
20170410_015502,15.09,972.17,80.90
20170410_015532,15.05,972.26,81.16
20170410_015602,14.99,972.32,81.86
20170410_015632,14.98,972.13,82.11
20170410_015702,14.94,971.63,82.58
20170410_015732,14.95,971.26,82.39
20170410_015802,14.97,971.06,81.88
20170410_015832,14.99,970.76,81.59
20170410_015902,14.96,970.55,81.57
20170410_015932,14.98,970.31,81.43
20170410_020002,14.93,970.01,82.03
20170410_020032,14.87,969.73,81.65
20170410_020102,14.89,969.40,81.56
20170410_020132,14.85,968.99,80.81
20170410_020202,14.79,968.85,81.25
20170410_020232,14.76,968.58,81.08
20170410_020302,14.70,968.33,81.11
20170410_020332,14.59,968.14,81.84
20170410_020402,14.53,967.72,82.69
20170410_020432,14.48,967.48,83.20
20170410_020503,14.50,967.18,83.63
20170410_020533,14.49,967.20,83.45
20170410_020603,14.50,967.14,83.56
20170410_020633,14.45,967.06,83.88
20170410_020703,14.46,966.91,83.66
20170410_020733,14.45,967.12,83.96
20170410_020803,14.46,966.98,84.00
20170410_020833,14.43,966.72,84.12
20170410_020903,14.43,966.56,83.98
20170410_020933,14.46,966.59,84.02
20170410_021003,14.48,966.56,83.84
20170410_021033,14.49,966.46,84.25
20170410_021103,14.49,966.65,84.21
20170410_021133,14.52,966.80,83.91
20170410_021203,14.53,966.98,83.89
20170410_021233,14.55,967.12,83.81
20170410_021303,14.53,967.08,83.36
20170410_021333,14.48,967.24,83.88
20170410_021403,14.41,967.25,84.14
20170410_021433,14.39,967.32,83.85
20170410_021503,14.41,967.26,83.29
20170410_021533,14.47,967.35,82.27
20170410_021603,14.53,967.35,81.09
20170410_021634,14.56,967.46,80.83
20170410_021704,14.60,967.46,80.75
20170410_021734,14.63,967.71,80.90
20170410_021804,14.67,968.00,81.00
20170410_021834,14.64,968.29,81.38
20170410_021904,14.62,968.49,81.55
20170410_021934,14.62,968.66,81.70
20170410_022004,14.63,968.87,81.47
20170410_022034,14.60,968.97,81.67
20170410_022104,14.53,969.20,82.51
20170410_022134,14.50,969.39,82.64
20170410_022204,14.45,969.38,83.40
20170410_022234,14.38,969.69,83.94
20170410_022304,14.34,969.69,83.92
20170410_022334,14.34,969.77,83.57
20170410_022404,14.32,969.75,83.79
20170410_022434,14.26,969.77,84.11
20170410_022504,14.25,969.72,83.68
20170410_022534,14.22,969.48,83.83
20170410_022604,14.23,969.51,83.60
20170410_022634,14.22,969.55,83.83
20170410_022704,14.18,969.73,83.16
20170410_022734,14.12,969.87,82.71
20170410_022805,14.07,970.00,82.65
20170410_022835,14.04,970.08,82.73
20170410_022905,14.00,970.19,82.82
20170410_022935,13.93,970.32,83.16
20170410_023005,13.90,970.29,83.20
20170410_023035,13.87,970.27,83.24
20170410_023105,13.89,970.26,83.08
20170410_023135,13.90,970.22,83.84
20170410_023205,13.92,970.23,83.80
20170410_023235,13.91,970.22,83.53
20170410_023305,13.88,970.27,83.82
20170410_023335,13.88,970.34,83.60
20170410_023405,13.89,970.44,83.83
20170410_023435,13.91,970.48,83.84
20170410_023505,13.92,970.54,83.94
20170410_023535,13.89,970.50,84.24
20170410_023605,13.90,970.51,84.35
20170410_023635,13.89,970.51,84.24
20170410_023705,13.91,970.50,84.22
20170410_023735,13.90,970.61,84.43
20170410_023805,13.88,970.60,84.06
20170410_023835,13.85,970.62,83.94
20170410_023905,13.86,970.70,83.83
20170410_023936,13.86,970.76,83.74
20170410_024006,13.84,970.73,83.62
20170410_024036,13.84,970.77,83.66
20170410_024106,13.84,970.76,83.63
20170410_024136,13.83,970.77,83.51
20170410_024206,13.80,970.84,83.41
20170410_024236,13.80,970.86,83.48
20170410_024306,13.78,970.80,83.52
20170410_024336,13.77,970.83,83.47
20170410_024406,13.73,970.82,83.71
20170410_024436,13.70,970.86,84.02
20170410_024506,13.70,970.83,84.01
20170410_024536,13.68,970.92,84.04
20170410_024606,13.65,970.92,83.90
20170410_024636,13.64,970.96,83.74
20170410_024706,13.61,970.98,83.63
20170410_024736,13.62,970.99,83.57
20170410_024806,13.60,970.99,83.26
20170410_024836,13.56,971.00,83.36
20170410_024906,13.57,970.97,83.37
20170410_024937,13.57,971.05,83.41
20170410_025007,13.54,971.07,83.60
20170410_025037,13.52,971.04,83.61
20170410_025107,13.49,971.08,83.73
20170410_025137,13.50,971.13,83.83
20170410_025207,13.48,971.14,84.14
20170410_025237,13.45,971.16,84.42
20170410_025307,13.44,971.15,84.66
20170410_025337,13.37,971.16,84.70
20170410_025407,13.34,971.17,84.69
20170410_025437,13.31,971.16,84.45
20170410_025507,13.28,971.20,84.41
20170410_025537,13.28,971.18,84.46
20170410_025607,13.27,971.19,84.33
20170410_025637,13.27,971.18,84.12
20170410_025707,13.28,971.21,83.75
20170410_025737,13.25,971.21,83.62
20170410_025807,13.26,971.24,83.74
20170410_025837,13.26,971.22,83.90
20170410_025907,13.26,971.19,83.93
20170410_025937,13.27,971.28,83.94
20170410_030008,13.27,971.26,83.90
20170410_030038,13.29,971.27,83.92
20170410_030108,13.27,971.28,84.02
20170410_030138,13.27,971.23,84.09
20170410_030208,13.26,971.27,83.81
20170410_030238,13.25,971.21,83.69
20170410_030308,13.25,971.18,83.71
20170410_030338,13.26,971.20,83.78
20170410_030408,13.26,971.25,83.92
20170410_030438,13.21,971.22,83.92
20170410_030508,13.21,971.26,83.88
20170410_030538,13.21,971.25,83.99
20170410_030608,13.21,971.28,84.03
20170410_030638,13.20,971.28,83.94
20170410_030708,13.20,971.30,83.92
20170410_030738,13.18,971.38,83.86
20170410_030808,13.15,971.30,84.01
20170410_030838,13.14,971.41,84.05
20170410_030908,13.13,971.36,84.06
20170410_030938,13.15,971.33,84.14
20170410_031008,13.14,971.36,84.25
20170410_031038,13.10,971.39,84.35
20170410_031109,13.08,971.32,84.20
20170410_031139,13.08,971.34,84.15
20170410_031209,13.06,971.31,84.08
20170410_031239,13.04,971.35,84.02
20170410_031309,13.04,971.43,83.99
20170410_031339,13.04,971.44,84.01
20170410_031409,13.03,971.42,84.22
20170410_031439,13.00,971.43,84.30
20170410_031509,12.99,971.40,84.36
20170410_031539,12.98,971.42,84.33
20170410_031609,12.94,971.43,84.43
20170410_031639,12.92,971.42,84.44
20170410_031709,12.91,971.45,84.51
20170410_031739,12.88,971.44,84.54
20170410_031809,12.87,971.44,84.45
20170410_031839,12.86,971.47,84.47
20170410_031909,12.86,971.41,84.29
20170410_031939,12.83,971.42,84.36
20170410_032009,12.80,971.43,84.34
20170410_032039,12.79,971.42,84.14
20170410_032109,12.78,971.42,84.20
20170410_032139,12.76,971.39,84.21
20170410_032210,12.75,971.42,84.16
20170410_032240,12.73,971.44,84.14
20170410_032310,12.72,971.43,84.04
20170410_032340,12.71,971.48,84.06
20170410_032410,12.68,971.43,84.13
20170410_032440,12.65,971.42,84.13
20170410_032510,12.64,971.43,84.32
20170410_032540,12.62,971.41,84.17
20170410_032610,12.59,971.45,84.28
20170410_032640,12.59,971.39,84.29
20170410_032710,12.57,971.44,84.36
20170410_032740,12.54,971.40,84.56
20170410_032810,12.52,971.44,84.63
20170410_032840,12.52,971.42,84.64
20170410_032910,12.50,971.40,84.67
20170410_032940,12.50,971.39,84.65
20170410_033010,12.50,971.42,84.55
20170410_033040,12.48,971.42,84.54
20170410_033110,12.45,971.34,84.56
20170410_033140,12.43,971.36,84.52
20170410_033210,12.43,971.39,84.50
20170410_033240,12.40,971.37,84.41
20170410_033311,12.39,971.45,84.47
20170410_033341,12.38,971.45,84.40
20170410_033411,12.39,971.42,84.54
20170410_033441,12.39,971.41,84.83
20170410_033511,12.38,971.43,85.12
20170410_033541,12.35,971.46,85.68
20170410_033611,12.30,971.46,85.74
20170410_033641,12.26,971.42,85.54
20170410_033711,12.27,971.44,85.77
20170410_033741,12.24,971.43,85.80
20170410_033811,12.24,971.47,85.92
20170410_033841,12.20,971.44,85.79
20170410_033911,12.21,971.45,85.77
20170410_033941,12.20,971.50,86.39
20170410_034011,12.16,971.49,86.29
20170410_034041,12.12,971.52,86.84
20170410_034111,12.11,971.49,86.90
20170410_034141,12.08,971.52,86.57
20170410_034211,12.06,971.59,86.48
20170410_034241,12.03,971.54,86.55
20170410_034311,11.99,971.59,86.51
20170410_034341,11.93,971.60,86.63
20170410_034412,11.95,971.66,86.66
20170410_034442,11.96,971.65,86.58
20170410_034512,11.94,971.71,86.40
20170410_034542,11.93,971.67,86.25
20170410_034612,11.90,971.70,86.16
20170410_034642,11.87,971.74,86.02
20170410_034712,11.88,971.76,85.93
20170410_034742,11.87,971.80,85.91
20170410_034812,11.88,971.80,85.80
20170410_034842,11.86,971.78,85.74
20170410_034912,11.84,971.84,85.84
20170410_034942,11.83,971.81,85.79
20170410_035012,11.82,971.85,85.81
20170410_035042,11.82,971.90,85.78
20170410_035112,11.80,971.90,85.83
20170410_035142,11.81,971.98,85.78
20170410_035212,11.81,971.89,85.79
20170410_035242,11.79,971.99,85.89
20170410_035312,11.78,972.02,85.92
20170410_035342,11.77,972.03,85.93
20170410_035412,11.78,972.03,85.92
20170410_035442,11.77,972.06,86.06
20170410_035513,11.75,972.13,86.08
20170410_035543,11.72,972.09,86.09
20170410_035613,11.66,972.11,86.29
20170410_035643,11.67,972.11,86.29
20170410_035713,11.63,972.10,86.34
20170410_035743,11.60,972.13,86.44
20170410_035813,11.57,972.16,86.44
20170410_035843,11.56,972.19,86.47
20170410_035913,11.53,972.21,86.59
20170410_035943,11.51,972.20,86.59
20170410_040013,11.49,972.17,86.62
20170410_040043,11.49,972.18,86.61
20170410_040113,11.48,972.19,86.67
20170410_040143,11.45,972.12,86.75
20170410_040213,11.44,972.12,86.85
20170410_040243,11.43,972.22,86.87
20170410_040313,11.42,972.14,86.99
20170410_040343,11.41,972.18,87.03
20170410_040413,11.40,972.20,87.02
20170410_040443,11.39,972.15,87.08
20170410_040513,11.37,972.12,87.07
20170410_040543,11.37,972.16,87.09
20170410_040614,11.33,972.12,87.19
20170410_040644,11.34,972.15,87.17
20170410_040714,11.32,972.11,87.24
20170410_040744,11.28,972.12,87.05
20170410_040814,11.24,972.10,87.12
20170410_040844,11.20,972.11,87.36
20170410_040914,11.19,972.17,87.49
20170410_040944,11.19,972.11,87.47
20170410_041014,11.18,972.11,87.63
20170410_041044,11.19,972.10,87.68
20170410_041114,11.17,972.07,87.80
20170410_041144,11.17,972.05,87.92
20170410_041214,11.18,972.02,87.93
20170410_041244,11.17,972.00,87.91
20170410_041314,11.17,972.05,87.89
20170410_041344,11.16,972.03,87.93
20170410_041414,11.14,972.00,87.97
20170410_041444,11.12,972.02,88.04
20170410_041514,11.10,972.04,88.10
20170410_041544,11.10,972.00,88.15
20170410_041614,11.12,972.05,88.11
20170410_041644,11.12,972.02,88.08
20170410_041715,11.12,972.04,88.02
20170410_041745,11.11,972.05,88.13
20170410_041815,11.10,972.09,88.13
20170410_041845,11.13,972.05,88.09
20170410_041915,11.11,971.98,88.13
20170410_041945,11.10,972.00,88.09
20170410_042015,11.10,972.07,88.18
20170410_042045,11.09,971.98,88.18
20170410_042115,11.08,972.02,88.23
20170410_042145,11.07,972.04,88.20
20170410_042215,11.05,972.08,88.26
20170410_042245,11.02,972.01,88.35
20170410_042315,11.01,972.01,88.42
20170410_042345,11.00,972.02,88.44
20170410_042415,11.00,971.98,88.40
20170410_042445,10.99,971.97,88.45
20170410_042515,11.00,971.98,88.39
20170410_042545,11.00,971.98,88.38
20170410_042615,10.99,972.00,88.36
20170410_042645,10.98,972.03,88.36
20170410_042715,10.95,971.99,88.41
20170410_042745,10.97,972.03,88.38
20170410_042816,10.97,972.08,88.38
20170410_042846,10.97,972.11,88.36
20170410_042916,10.93,972.12,88.42
20170410_042946,10.91,972.11,88.54
20170410_043016,10.91,972.11,88.47
20170410_043046,10.89,972.21,88.52
20170410_043116,10.86,972.16,88.64
20170410_043146,10.83,972.18,88.50
20170410_043216,10.80,972.16,88.56
20170410_043246,10.76,972.15,88.61
20170410_043316,10.77,972.17,88.80
20170410_043346,10.77,972.18,88.86
20170410_043416,10.76,972.17,88.94
20170410_043446,10.75,972.17,89.09
20170410_043516,10.72,972.14,89.21
20170410_043546,10.70,972.12,89.25
20170410_043616,10.69,972.12,89.14
20170410_043646,10.68,972.07,89.14
20170410_043716,10.68,972.11,89.25
20170410_043746,10.69,972.10,89.33
20170410_043816,10.70,972.09,89.32
20170410_043846,10.70,972.16,89.40
20170410_043916,10.69,972.10,89.43
20170410_043947,10.70,972.09,89.37
20170410_044017,10.71,972.14,89.41
20170410_044047,10.71,972.16,89.39
20170410_044117,10.70,972.14,89.31
20170410_044147,10.70,972.14,89.26
20170410_044217,10.71,972.20,89.16
20170410_044247,10.70,972.17,89.04
20170410_044317,10.71,972.21,88.86
20170410_044347,10.70,972.27,88.79
20170410_044417,10.69,972.27,88.78
20170410_044447,10.69,972.28,88.83
20170410_044517,10.67,972.26,88.88
20170410_044547,10.67,972.25,88.78
20170410_044617,10.66,972.24,88.87
20170410_044647,10.66,972.31,88.77
20170410_044717,10.63,972.29,88.69
20170410_044747,10.62,972.26,88.68
20170410_044817,10.61,972.27,88.61
20170410_044847,10.56,972.32,88.71
20170410_044917,10.57,972.33,88.79
20170410_044947,10.57,972.31,88.84
20170410_045017,10.55,972.35,89.00
20170410_045048,10.54,972.29,89.13
20170410_045118,10.56,972.30,89.20
20170410_045148,10.59,972.29,89.10
20170410_045218,10.57,972.23,89.23
20170410_045248,10.58,972.28,89.22
20170410_045318,10.57,972.24,89.31
20170410_045348,10.57,972.26,89.45
20170410_045418,10.58,972.29,89.43
20170410_045448,10.59,972.24,89.41
20170410_045518,10.60,972.23,89.45
20170410_045548,10.61,972.25,89.52
20170410_045618,10.63,972.25,89.52
20170410_045648,10.64,972.29,89.48
20170410_045718,10.67,972.26,89.45
20170410_045748,10.70,972.32,89.32
20170410_045818,10.72,972.30,89.29
20170410_045848,10.71,972.30,89.23
20170410_045918,10.72,972.30,89.18
20170410_045948,10.73,972.34,89.10
20170410_050018,10.73,972.32,89.06
20170410_050048,10.73,972.27,89.07
20170410_050118,10.73,972.30,89.11
20170410_050149,10.73,972.27,89.12
20170410_050219,10.72,972.23,89.09
20170410_050249,10.73,972.23,89.06
20170410_050319,10.73,972.25,89.10
20170410_050349,10.74,972.26,89.08
20170410_050419,10.74,972.20,89.08
20170410_050449,10.75,972.23,89.02
20170410_050519,10.76,972.23,88.98
20170410_050549,10.75,972.23,89.11
20170410_050619,10.74,972.19,89.21
20170410_050649,10.75,972.22,89.13
20170410_050719,10.75,972.18,89.08
20170410_050749,10.75,972.20,89.07
20170410_050819,10.74,972.22,89.13
20170410_050849,10.74,972.21,89.25
20170410_050919,10.74,972.23,89.19
20170410_050949,10.75,972.24,89.13
20170410_051019,10.74,972.23,89.15
20170410_051049,10.73,972.26,89.13
20170410_051119,10.71,972.28,89.08
20170410_051149,10.71,972.31,89.04
20170410_051219,10.70,972.29,89.06
20170410_051250,10.69,972.33,89.07
20170410_051320,10.70,972.29,88.98
20170410_051350,10.69,972.32,89.00
20170410_051420,10.70,972.31,88.93
20170410_051450,10.67,972.26,89.04
20170410_051520,10.66,972.24,89.07
20170410_051550,10.64,972.22,89.11
20170410_051620,10.64,972.19,89.02
20170410_051650,10.64,972.16,88.94
20170410_051720,10.63,972.13,88.83
20170410_051750,10.62,972.15,89.01
20170410_051820,10.61,972.16,89.07
20170410_051850,10.58,972.13,88.95
20170410_051920,10.57,972.14,89.48
20170410_051950,10.56,972.18,89.17
20170410_052020,10.54,972.17,89.01
20170410_052050,10.50,972.11,89.07
20170410_052120,10.51,972.07,89.07
20170410_052150,10.51,972.13,89.11
20170410_052220,10.48,972.05,89.31
20170410_052250,10.50,972.05,89.46
20170410_052320,10.46,971.99,89.74
20170410_052351,10.47,972.06,89.86
20170410_052421,10.47,972.03,90.19
20170410_052451,10.43,972.05,89.85
20170410_052521,10.40,972.02,90.03
20170410_052551,10.38,972.03,90.29
20170410_052621,10.37,971.96,90.13
20170410_052651,10.37,972.03,90.27
20170410_052721,10.40,971.94,90.13
20170410_052751,10.40,971.91,90.26
20170410_052821,10.44,971.99,90.07
20170410_052851,10.44,971.98,89.87
20170410_052921,10.42,972.02,89.73
20170410_052951,10.41,971.94,90.08
20170410_053021,10.41,971.96,90.21
20170410_053051,10.40,971.96,90.24
20170410_053121,10.40,971.92,90.67
20170410_053151,10.41,971.91,90.42
20170410_053221,10.39,971.93,90.23
20170410_053251,10.37,971.90,89.96
20170410_053321,10.37,971.95,90.54
20170410_053351,10.37,971.95,90.67
20170410_053421,10.37,971.95,90.90
20170410_053451,10.38,972.02,90.67
20170410_053522,10.36,972.04,90.56
20170410_053552,10.32,972.03,90.81
20170410_053622,10.32,972.06,91.10
20170410_053652,10.34,972.16,90.79
20170410_053722,10.31,972.18,91.23
20170410_053752,10.33,972.24,90.90
20170410_053822,10.32,972.28,90.54
20170410_053852,10.30,972.26,90.63
20170410_053922,10.28,972.34,90.31
20170410_053952,10.28,972.36,90.32
20170410_054022,10.26,972.36,90.13
20170410_054052,10.25,972.38,90.08
20170410_054122,10.24,972.41,90.08
20170410_054152,10.23,972.41,90.10
20170410_054222,10.22,972.46,90.07
20170410_054252,10.21,972.49,90.12
20170410_054322,10.21,972.50,90.17
20170410_054352,10.20,972.55,90.17
20170410_054422,10.17,972.55,90.36
20170410_054452,10.16,972.50,90.31
20170410_054522,10.15,972.55,90.30
20170410_054552,10.17,972.54,90.22
20170410_054623,10.17,972.54,90.22
20170410_054653,10.17,972.59,90.26
20170410_054723,10.17,972.53,90.28
20170410_054753,10.19,972.53,90.17
20170410_054823,10.18,972.51,90.12
20170410_054853,10.17,972.51,90.18
20170410_054923,10.15,972.54,90.27
20170410_054953,10.15,972.52,90.26
20170410_055023,10.13,972.50,90.38
20170410_055053,10.13,972.51,90.42
20170410_055123,10.11,972.49,90.38
20170410_055153,10.09,972.59,90.45
20170410_055223,10.08,972.48,90.53
20170410_055253,10.08,972.48,90.55
20170410_055323,10.09,972.48,90.58
20170410_055353,10.10,972.50,90.51
20170410_055423,10.10,972.57,90.50
20170410_055453,10.06,972.59,90.60
20170410_055523,10.08,972.52,90.55
20170410_055553,10.07,972.54,90.58
20170410_055623,10.07,972.55,90.64
20170410_055653,10.08,972.58,90.57
20170410_055724,10.10,972.58,90.43
20170410_055754,10.09,972.64,90.51
20170410_055824,10.10,972.64,90.45
20170410_055854,10.10,972.67,90.45
20170410_055924,10.11,972.68,90.40
20170410_055954,10.11,972.68,90.43
20170410_060024,10.13,972.66,90.34
20170410_060054,10.10,972.73,90.41
20170410_060124,10.12,972.72,90.33
20170410_060154,10.13,972.72,90.29
