20170419_000020,14.74,981.47,88.10
20170419_000050,14.72,981.48,88.25
20170419_000120,14.66,981.43,87.98
20170419_000150,14.69,981.43,88.19
20170419_000220,14.69,981.38,88.13
20170419_000251,14.68,981.42,88.13
20170419_000321,14.71,981.46,88.18
20170419_000351,14.73,981.50,88.14
20170419_000421,14.73,981.49,88.00
20170419_000451,14.67,981.50,87.95
20170419_000521,14.66,981.52,87.84
20170419_000551,14.64,981.52,88.21
20170419_000621,14.67,981.52,88.22
20170419_000651,14.68,981.60,88.19
20170419_000721,14.66,981.63,88.18
20170419_000751,14.66,981.59,88.20
20170419_000821,14.65,981.67,88.37
20170419_000851,14.62,981.65,88.34
20170419_000921,14.61,981.71,88.42
20170419_000951,14.57,981.70,88.35
20170419_001021,14.59,981.72,88.57
20170419_001051,14.57,981.66,88.13
20170419_001121,14.57,981.69,88.43
20170419_001151,14.56,981.69,88.44
20170419_001221,14.53,981.74,88.51
20170419_001251,14.55,981.66,88.48
20170419_001321,14.51,981.75,88.39
20170419_001352,14.55,981.73,88.64
20170419_001422,14.48,981.70,88.30
20170419_001452,14.47,981.70,88.47
20170419_001522,14.50,981.73,88.68
20170419_001552,14.52,981.79,88.63
20170419_001622,14.50,981.76,88.50
20170419_001652,14.47,981.75,88.71
20170419_001722,14.42,981.80,89.09
20170419_001752,14.41,981.81,89.17
20170419_001822,14.37,981.87,89.32
20170419_001852,14.33,981.87,89.55
20170419_001922,14.33,981.88,89.50
20170419_001952,14.32,981.93,89.58
20170419_002022,14.33,981.99,89.44
20170419_002052,14.28,981.97,89.53
20170419_002122,14.28,981.97,89.74
20170419_002152,14.30,982.00,89.08
20170419_002222,14.34,982.00,89.02
20170419_002252,14.33,982.02,89.16
20170419_002322,14.27,982.02,88.75
20170419_002352,14.31,982.03,88.97
20170419_002422,14.30,982.10,88.83
20170419_002453,14.32,982.08,88.75
20170419_002523,14.32,982.09,88.37
20170419_002553,14.32,982.11,88.23
20170419_002623,14.25,982.12,87.83
20170419_002653,14.23,982.16,87.95
20170419_002723,14.24,982.20,88.04
20170419_002753,14.23,982.10,87.92
20170419_002823,14.26,982.11,88.13
20170419_002853,14.17,982.06,88.02
20170419_002923,14.10,982.00,88.23
20170419_002953,14.14,982.04,88.32
20170419_003023,14.18,982.05,88.11
20170419_003053,14.15,982.02,88.13
20170419_003123,14.18,982.03,88.06
20170419_003153,14.09,981.92,88.29
20170419_003223,14.07,982.00,88.15
20170419_003253,14.02,982.09,88.35
20170419_003323,14.06,982.09,88.27
20170419_003353,14.08,982.03,88.13
20170419_003423,14.04,982.08,88.26
20170419_003453,14.02,982.00,88.38
20170419_003524,14.02,982.02,88.49
20170419_003554,14.02,981.89,88.01
20170419_003624,13.93,981.92,88.02
20170419_003654,13.94,981.90,88.23
20170419_003724,13.87,981.87,88.50
20170419_003754,13.86,981.87,88.43
20170419_003824,13.82,981.92,88.60
20170419_003854,13.85,981.90,88.62
20170419_003924,13.86,981.92,88.70
20170419_003954,13.84,981.90,88.42
20170419_004024,13.85,981.93,88.42
20170419_004054,13.80,981.95,88.57
20170419_004124,13.79,981.94,88.49
20170419_004154,13.78,982.00,88.71
20170419_004224,13.73,982.02,88.82
20170419_004254,13.74,982.09,88.97
20170419_004324,13.70,982.07,89.08
20170419_004354,13.68,982.11,89.07
20170419_004424,13.68,982.11,89.03
20170419_004454,13.62,982.11,89.07
20170419_004524,13.57,982.00,88.90
20170419_004554,13.59,982.16,89.24
20170419_004625,13.64,982.19,89.20
20170419_004655,13.61,982.21,89.16
20170419_004725,13.61,982.16,89.24
20170419_004755,13.58,982.23,89.04
20170419_004825,13.57,982.21,89.28
20170419_004855,13.48,982.17,89.45
20170419_004925,13.47,982.28,89.36
20170419_004955,13.40,982.28,89.56
20170419_005025,13.44,982.29,89.69
20170419_005055,13.44,982.38,89.61
20170419_005125,13.44,982.32,89.69
20170419_005155,13.40,982.37,89.79
20170419_005225,13.35,982.32,89.94
20170419_005255,13.34,982.47,90.10
20170419_005325,13.38,982.30,90.09
20170419_005355,13.31,982.29,90.00
20170419_005425,13.31,982.40,90.20
20170419_005455,13.33,982.46,90.13
20170419_005525,13.30,982.47,90.15
20170419_005555,13.28,982.44,90.33
20170419_005625,13.28,982.52,90.35
20170419_005655,13.31,982.62,90.31
20170419_005726,13.31,982.58,90.24
20170419_005756,13.32,982.67,90.25
20170419_005826,13.25,982.64,90.42
20170419_005856,13.21,982.61,90.46
20170419_005926,13.26,982.60,90.13
20170419_005956,13.26,982.58,89.96
20170419_010026,13.14,982.52,90.09
20170419_010056,13.11,982.47,90.13
20170419_010126,13.11,982.55,90.25
20170419_010156,13.10,982.44,90.04
20170419_010226,13.11,982.48,90.18
20170419_010256,13.11,982.48,90.11
20170419_010326,13.08,982.45,90.40
20170419_010356,13.10,982.44,90.09
20170419_010426,13.12,982.46,90.08
20170419_010456,13.08,982.43,90.00
20170419_010526,13.14,982.42,90.08
20170419_010556,13.14,982.36,89.72
20170419_010626,13.10,982.35,89.81
20170419_010656,13.09,982.36,89.88
20170419_010726,13.07,982.42,89.86
20170419_010756,13.05,982.39,89.84
20170419_010827,13.00,982.37,90.09
20170419_010857,13.04,982.27,89.92
20170419_010927,13.05,982.29,89.93
20170419_010957,12.99,982.33,90.00
20170419_011027,12.99,982.29,89.83
20170419_011057,12.97,982.35,90.12
20170419_011127,12.95,982.29,90.17
20170419_011157,12.98,982.44,90.15
20170419_011227,12.99,982.43,90.14
20170419_011257,12.93,982.35,90.22
20170419_011327,12.88,982.36,90.30
20170419_011357,12.97,982.34,90.07
20170419_011427,12.83,982.32,90.40
20170419_011457,12.81,982.26,90.64
20170419_011527,12.84,982.35,90.56
20170419_011557,12.84,982.34,90.55
20170419_011627,12.81,982.37,90.58
20170419_011657,12.85,982.36,90.64
20170419_011727,12.82,982.36,90.61
20170419_011757,12.86,982.40,90.50
20170419_011827,12.79,982.35,90.51
20170419_011857,12.79,982.43,90.66
20170419_011928,12.78,982.45,90.57
20170419_011958,12.73,982.42,90.66
20170419_012028,12.75,982.46,90.79
20170419_012058,12.77,982.50,90.60
20170419_012128,12.76,982.46,90.60
20170419_012158,12.67,982.47,90.59
20170419_012228,12.70,982.47,90.84
20170419_012258,12.72,982.52,90.83
20170419_012328,12.72,982.54,90.66
20170419_012358,12.70,982.49,90.58
20170419_012428,12.66,982.51,90.57
20170419_012458,12.65,982.58,90.69
20170419_012528,12.65,982.45,90.64
20170419_012558,12.60,982.47,90.58
20170419_012628,12.61,982.53,90.58
20170419_012658,12.59,982.57,90.69
20170419_012728,12.62,982.56,90.71
20170419_012758,12.62,982.51,90.63
20170419_012828,12.68,982.57,90.58
20170419_012858,12.68,982.51,90.37
20170419_012929,12.65,982.55,90.43
20170419_012959,12.67,982.53,90.42
20170419_013029,12.61,982.46,90.36
20170419_013059,12.55,982.46,90.51
20170419_013129,12.52,982.46,90.66
20170419_013159,12.57,982.46,90.58
20170419_013229,12.58,982.47,90.57
20170419_013259,12.62,982.49,90.53
20170419_013329,12.62,982.40,90.38
20170419_013359,12.57,982.42,90.38
20170419_013430,12.61,982.42,90.24
20170419_013500,12.60,982.37,90.25
20170419_013530,12.62,982.35,90.15
20170419_013600,12.61,982.38,90.17
20170419_013630,12.58,982.39,90.20
20170419_013700,12.57,982.28,90.07
20170419_013730,12.63,982.33,89.53
20170419_013800,12.54,982.34,90.02
20170419_013830,12.53,982.30,90.01
20170419_013900,12.51,982.31,90.22
20170419_013930,12.55,982.33,90.14
20170419_014000,12.45,982.36,90.14
20170419_014030,12.49,982.38,90.13
20170419_014100,12.46,982.31,90.06
20170419_014130,12.38,982.27,90.07
20170419_014200,12.40,982.19,90.25
20170419_014230,12.45,982.32,90.11
20170419_014300,12.50,982.27,90.05
20170419_014331,12.55,982.20,89.78
20170419_014401,12.53,982.22,89.84
20170419_014431,12.49,982.26,89.70
20170419_014501,12.43,982.28,89.89
20170419_014531,12.45,982.27,89.85
20170419_014601,12.41,982.22,89.64
20170419_014631,12.39,982.29,89.69
20170419_014701,12.40,982.27,89.61
20170419_014731,12.38,982.25,89.59
20170419_014801,12.38,982.29,89.74
20170419_014831,12.37,982.21,89.47
20170419_014901,12.32,982.17,89.56
20170419_014931,12.40,982.27,89.49
20170419_015001,12.38,982.19,89.32
20170419_015031,12.37,982.21,89.33
20170419_015101,12.26,982.14,89.58
20170419_015131,12.29,982.17,89.53
20170419_015201,12.24,982.18,89.65
20170419_015231,12.27,982.24,89.51
20170419_015301,12.26,982.22,89.54
20170419_015331,12.26,982.20,89.61
20170419_015401,12.25,982.23,89.42
20170419_015431,12.24,982.10,89.50
20170419_015502,12.20,982.25,89.66
20170419_015532,12.21,982.21,89.75
20170419_015602,12.27,982.25,89.63
20170419_015632,12.25,982.29,89.66
20170419_015702,12.28,982.19,89.67
20170419_015732,12.14,982.17,89.60
20170419_015802,12.06,982.17,89.74
20170419_015832,12.09,982.13,89.81
20170419_015902,12.10,982.21,89.82
20170419_015932,12.13,982.23,89.78
20170419_020002,12.10,982.24,89.78
20170419_020032,12.10,982.24,89.78
20170419_020102,12.04,982.26,89.94
20170419_020132,12.06,982.23,89.82
20170419_020202,12.07,982.27,89.77
20170419_020232,12.07,982.28,89.87
20170419_020302,12.08,982.36,89.95
20170419_020332,12.03,982.31,89.92
20170419_020402,12.04,982.28,89.92
20170419_020432,12.01,982.30,89.94
20170419_020502,11.97,982.25,89.84
20170419_020533,11.94,982.27,89.29
20170419_020603,11.92,982.22,89.71
20170419_020633,11.91,982.34,89.97
20170419_020703,11.95,982.34,89.93
20170419_020733,11.98,982.37,89.88
20170419_020803,11.98,982.36,89.80
20170419_020833,11.96,982.33,89.83
20170419_020903,11.95,982.39,89.76
20170419_020933,11.95,982.44,89.91
20170419_021003,11.96,982.39,89.86
20170419_021033,11.95,982.38,89.89
20170419_021103,11.98,982.29,89.69
20170419_021133,11.88,982.39,90.05
20170419_021203,11.94,982.37,89.92
20170419_021233,11.97,982.31,89.79
20170419_021303,11.96,982.25,89.67
20170419_021333,11.98,982.19,89.54
20170419_021403,11.84,982.05,89.29
20170419_021433,11.80,982.17,89.73
20170419_021503,11.86,982.16,89.62
20170419_021533,11.76,982.03,89.78
20170419_021603,11.78,982.17,89.67
20170419_021633,11.78,982.11,89.66
20170419_021704,11.82,982.19,89.60
20170419_021734,11.68,982.10,89.66
20170419_021804,11.64,982.09,89.94
20170419_021834,11.69,982.18,89.87
20170419_021904,11.75,982.19,89.68
20170419_021934,11.76,982.16,89.59
20170419_022004,11.75,982.07,89.59
20170419_022034,11.78,982.18,89.58
20170419_022104,11.75,982.24,89.70
20170419_022134,11.73,982.07,89.62
20170419_022204,11.63,982.02,89.79
20170419_022234,11.64,982.06,89.93
20170419_022304,11.58,982.03,90.12
20170419_022334,11.63,982.10,90.09
20170419_022404,11.68,982.14,90.01
20170419_022434,11.62,982.11,90.25
20170419_022504,11.61,982.08,90.18
20170419_022534,11.61,982.14,90.21
20170419_022604,11.66,982.18,90.00
20170419_022634,11.69,982.26,90.00
20170419_022704,11.59,982.14,90.19
20170419_022734,11.61,982.17,90.17
20170419_022805,11.61,982.20,90.21
20170419_022835,11.60,982.15,90.26
20170419_022905,11.54,982.15,90.41
20170419_022935,11.56,982.20,90.54
20170419_023005,11.60,982.19,90.47
20170419_023035,11.61,982.19,90.29
20170419_023105,11.54,982.18,90.49
20170419_023135,11.50,982.15,90.55
20170419_023205,11.52,982.22,90.62
20170419_023235,11.56,982.14,90.52
20170419_023305,11.55,982.18,90.48
20170419_023335,11.50,982.11,90.53
20170419_023405,11.46,982.15,90.71
20170419_023435,11.48,982.14,90.71
20170419_023505,11.40,982.03,90.94
20170419_023535,11.39,982.04,91.01
20170419_023605,11.28,981.97,91.22
20170419_023635,11.23,982.00,91.39
20170419_023705,11.28,982.00,91.49
20170419_023735,11.25,981.84,91.54
20170419_023805,11.29,981.98,91.51
20170419_023835,11.30,981.93,91.50
20170419_023906,11.23,981.93,91.61
20170419_023936,11.23,981.90,91.60
20170419_024006,11.28,981.92,91.58
20170419_024036,11.26,981.88,91.55
20170419_024106,11.22,981.95,91.76
20170419_024136,11.27,982.01,91.68
20170419_024206,11.29,982.01,91.62
20170419_024236,11.26,981.96,91.60
20170419_024306,11.24,981.96,91.82
20170419_024336,11.24,982.02,91.75
20170419_024406,11.22,982.01,91.87
20170419_024436,11.20,982.07,91.90
20170419_024506,11.21,982.13,91.95
20170419_024536,11.21,982.10,91.89
20170419_024606,11.19,982.07,91.98
20170419_024636,11.15,981.99,92.17
20170419_024706,11.17,982.09,92.15
20170419_024736,11.15,982.02,92.20
20170419_024806,11.12,981.98,92.28
20170419_024836,11.04,981.97,92.49
20170419_024906,11.09,981.97,92.48
20170419_024936,11.12,982.03,92.42
20170419_025007,11.05,981.95,92.50
20170419_025037,11.02,981.95,92.56
20170419_025107,11.03,981.99,92.71
20170419_025137,11.03,981.93,92.73
20170419_025207,11.10,981.98,92.51
20170419_025237,11.03,981.98,92.61
20170419_025307,11.07,982.00,92.59
20170419_025337,11.06,982.03,92.62
20170419_025407,11.02,982.09,92.73
20170419_025437,11.03,982.00,92.76
20170419_025507,11.02,982.02,92.79
20170419_025537,11.04,982.07,92.79
20170419_025607,10.99,982.03,92.74
20170419_025637,10.97,981.99,93.04
20170419_025707,10.96,982.09,92.82
20170419_025737,10.95,982.01,92.90
20170419_025807,10.99,982.03,92.84
20170419_025837,10.99,982.04,92.87
20170419_025907,10.98,982.04,92.89
20170419_025937,10.93,982.06,92.99
20170419_030007,10.93,982.01,93.09
20170419_030037,10.95,982.03,93.06
20170419_030108,10.90,981.98,93.13
20170419_030138,10.88,982.01,93.23
20170419_030208,10.92,982.05,93.18
20170419_030238,10.93,982.08,93.19
20170419_030308,10.89,982.04,93.30
20170419_030338,10.97,982.11,93.30
20170419_030408,10.91,982.12,93.22
20170419_030438,10.87,982.07,93.23
20170419_030508,10.92,982.13,93.29
20170419_030538,11.00,982.23,93.06
20170419_030608,10.91,982.20,93.11
20170419_030638,10.80,982.07,93.16
20170419_030708,10.79,982.08,93.38
20170419_030738,10.85,982.19,93.31
20170419_030808,10.81,982.07,93.29
20170419_030838,10.77,982.03,93.58
20170419_030908,10.75,981.99,93.52
20170419_030938,10.77,981.93,93.58
20170419_031008,10.77,982.02,93.53
20170419_031038,10.84,982.00,93.49
20170419_031108,10.75,981.93,93.43
20170419_031138,10.77,981.93,93.54
20170419_031209,10.77,981.97,93.57
20170419_031239,10.83,982.08,93.42
20170419_031309,10.78,982.01,93.44
20170419_031339,10.73,982.00,93.47
20170419_031409,10.72,982.07,93.49
20170419_031439,10.71,982.08,93.71
20170419_031509,10.76,982.03,93.49
20170419_031539,10.77,982.10,93.47
20170419_031609,10.80,982.13,93.44
20170419_031639,10.75,982.15,93.39
20170419_031709,10.75,982.14,93.34
20170419_031739,10.78,982.17,93.23
20170419_031809,10.76,982.14,93.07
20170419_031839,10.75,982.25,93.21
20170419_031909,10.67,982.17,93.25
20170419_031939,10.68,982.24,93.30
20170419_032009,10.71,982.23,93.22
20170419_032039,10.67,982.22,93.28
20170419_032109,10.73,982.25,93.20
20170419_032139,10.73,982.20,93.14
20170419_032209,10.74,982.22,93.15
20170419_032239,10.71,982.15,93.01
20170419_032310,10.67,982.18,93.18
20170419_032340,10.66,982.17,93.10
20170419_032410,10.66,982.13,93.17
20170419_032440,10.62,982.13,93.28
20170419_032510,10.64,982.19,93.22
20170419_032540,10.65,982.18,93.19
20170419_032610,10.65,982.11,93.22
20170419_032640,10.62,982.19,93.37
20170419_032710,10.59,982.19,93.35
20170419_032740,10.62,982.24,93.36
20170419_032810,10.61,982.22,93.20
20170419_032840,10.56,982.16,93.44
20170419_032910,10.61,982.31,93.36
20170419_032940,10.57,982.27,93.46
20170419_033010,10.56,982.34,93.59
20170419_033040,10.51,982.37,93.64
20170419_033110,10.56,982.37,93.63
20170419_033140,10.60,982.34,93.52
20170419_033210,10.50,982.38,93.63
20170419_033240,10.55,982.38,93.66
20170419_033310,10.48,982.38,93.50
20170419_033340,10.42,982.38,93.75
20170419_033411,10.42,982.35,93.74
20170419_033441,10.47,982.39,93.67
20170419_033511,10.48,982.41,93.59
20170419_033541,10.49,982.39,93.61
20170419_033611,10.47,982.45,93.62
20170419_033641,10.43,982.44,93.62
20170419_033711,10.43,982.44,93.68
20170419_033741,10.40,982.45,93.70
20170419_033811,10.40,982.49,93.66
20170419_033841,10.43,982.46,93.59
20170419_033911,10.41,982.40,93.47
20170419_033941,10.38,982.38,93.54
20170419_034011,10.38,982.43,93.48
20170419_034041,10.33,982.39,93.39
20170419_034111,10.34,982.41,93.52
20170419_034141,10.39,982.43,93.34
20170419_034211,10.34,982.44,93.44
20170419_034241,10.29,982.33,93.43
20170419_034311,10.28,982.34,93.39
20170419_034341,10.28,982.43,93.25
20170419_034411,10.34,982.44,93.26
20170419_034441,10.38,982.40,92.78
20170419_034512,10.28,982.39,93.00
20170419_034542,10.30,982.43,92.91
20170419_034612,10.33,982.48,92.76
20170419_034642,10.33,982.47,92.63
20170419_034712,10.27,982.48,92.79
20170419_034742,10.26,982.44,92.49
20170419_034812,10.24,982.57,92.23
20170419_034842,10.27,982.50,92.26
20170419_034912,10.25,982.38,92.04
20170419_034942,10.25,982.51,92.03
20170419_035012,10.24,982.56,92.05
20170419_035042,10.21,982.55,92.05
20170419_035112,10.19,982.52,92.19
20170419_035142,10.22,982.55,92.11
20170419_035212,10.19,982.53,92.12
20170419_035242,10.19,982.52,92.23
20170419_035312,10.21,982.49,92.15
20170419_035342,10.16,982.50,92.11
20170419_035412,10.21,982.52,92.08
20170419_035442,10.20,982.56,92.02
20170419_035512,10.15,982.46,91.96
20170419_035542,10.13,982.47,91.95
20170419_035612,10.15,982.52,92.05
20170419_035643,10.15,982.48,92.03
20170419_035713,10.19,982.49,91.90
20170419_035743,10.13,982.55,91.81
20170419_035813,10.17,982.48,91.74
20170419_035843,10.15,982.48,91.56
20170419_035913,10.13,982.40,91.24
20170419_035943,10.12,982.46,91.07
20170419_040013,10.15,982.41,91.10
20170419_040043,10.11,982.45,91.29
20170419_040113,10.14,982.45,91.30
20170419_040143,10.15,982.43,91.38
20170419_040213,10.13,982.44,91.57
20170419_040243,10.11,982.36,90.97
20170419_040313,10.07,982.41,91.30
20170419_040343,10.05,982.47,91.28
20170419_040413,10.08,982.48,91.37
20170419_040443,10.12,982.42,91.27
20170419_040513,10.14,982.44,91.10
20170419_040543,10.18,982.47,90.89
20170419_040613,10.01,982.41,90.66
20170419_040643,10.03,982.41,90.96
20170419_040713,10.02,982.45,90.97
20170419_040744,9.99,982.53,91.17
20170419_040814,9.99,982.50,90.95
20170419_040844,10.00,982.51,91.03
20170419_040914,10.02,982.42,90.90
20170419_040944,10.02,982.53,90.95
20170419_041014,10.03,982.45,90.95
20170419_041044,10.04,982.46,90.78
20170419_041114,10.02,982.54,90.81
20170419_041144,10.03,982.51,90.79
20170419_041214,10.05,982.45,90.71
20170419_041244,10.05,982.44,90.77
20170419_041314,10.01,982.46,90.72
20170419_041344,9.96,982.43,90.93
20170419_041414,9.96,982.54,90.89
20170419_041444,9.93,982.52,90.88
20170419_041514,9.95,982.58,91.02
20170419_041544,9.91,982.51,90.84
20170419_041614,9.97,982.62,90.90
20170419_041644,9.92,982.59,90.64
20170419_041714,9.90,982.64,90.77
20170419_041744,9.85,982.57,90.96
20170419_041814,9.81,982.60,91.08
20170419_041845,9.85,982.62,90.96
20170419_041915,9.83,982.63,91.09
20170419_041945,9.89,982.71,90.86
20170419_042015,9.91,982.68,90.81
20170419_042045,9.89,982.71,90.83
20170419_042115,9.91,982.67,90.96
20170419_042145,9.76,982.61,91.02
20170419_042215,9.83,982.69,91.19
20170419_042245,9.83,982.72,91.18
20170419_042315,9.86,982.65,90.96
20170419_042345,9.81,982.77,91.01
20170419_042415,9.81,982.72,91.13
20170419_042445,9.73,982.69,91.09
20170419_042515,9.64,982.72,91.37
20170419_042545,9.63,982.71,91.55
20170419_042615,9.70,982.77,91.45
20170419_042645,9.74,982.72,91.36
20170419_042715,9.75,982.75,91.25
20170419_042745,9.77,982.75,91.29
20170419_042815,9.82,982.79,91.19
20170419_042845,9.84,982.74,91.10
20170419_042915,9.86,982.72,90.96
20170419_042945,9.81,982.72,90.93
20170419_043016,9.80,982.76,91.15
20170419_043046,9.79,982.71,91.17
20170419_043116,9.75,982.74,91.29
20170419_043146,9.78,982.77,91.28
20170419_043216,9.72,982.72,91.26
20170419_043246,9.72,982.77,91.36
20170419_043316,9.68,982.76,91.34
20170419_043346,9.70,982.73,91.54
20170419_043416,9.75,982.74,91.48
20170419_043446,9.80,982.70,91.32
20170419_043516,9.64,982.62,91.22
20170419_043546,9.53,982.63,91.67
20170419_043616,9.55,982.59,91.93
20170419_043646,9.62,982.57,91.81
20170419_043716,9.59,982.56,91.72
20170419_043746,9.54,982.49,91.86
20170419_043816,9.53,982.39,91.92
20170419_043846,9.56,982.44,91.93
20170419_043916,9.61,982.45,91.88
20170419_043946,9.65,982.43,91.75
20170419_044016,9.65,982.43,91.55
20170419_044046,9.55,982.42,91.62
20170419_044117,9.41,982.39,92.07
20170419_044147,9.49,982.48,91.89
20170419_044217,9.56,982.55,91.69
20170419_044247,9.55,982.48,91.58
20170419_044317,9.49,982.40,91.72
20170419_044347,9.53,982.55,91.82
20170419_044417,9.54,982.53,91.82
20170419_044447,9.55,982.52,91.71
20170419_044517,9.47,982.48,91.93
20170419_044547,9.46,982.54,92.11
20170419_044617,9.45,982.49,92.23
20170419_044647,9.46,982.53,92.17
20170419_044717,9.47,982.60,92.25
20170419_044747,9.56,982.60,92.10
20170419_044817,9.57,982.55,92.01
20170419_044847,9.61,982.53,91.87
20170419_044917,9.55,982.54,92.00
20170419_044947,9.50,982.51,91.95
20170419_045017,9.51,982.52,92.27
20170419_045047,9.52,982.49,92.03
20170419_045117,9.46,982.46,92.09
20170419_045147,9.45,982.41,92.11
20170419_045218,9.43,982.40,92.26
20170419_045248,9.41,982.39,92.24
20170419_045318,9.48,982.40,92.25
20170419_045348,9.49,982.32,92.08
20170419_045418,9.42,982.39,92.25
20170419_045448,9.44,982.33,92.07
20170419_045518,9.46,982.35,92.14
20170419_045548,9.43,982.37,92.24
20170419_045618,9.42,982.28,92.23
20170419_045648,9.39,982.27,92.26
20170419_045718,9.35,982.27,92.33
20170419_045748,9.32,982.25,92.46
20170419_045818,9.37,982.27,92.31
20170419_045848,9.40,982.27,92.18
20170419_045918,9.40,982.31,92.33
20170419_045948,9.36,982.38,92.28
20170419_050018,9.39,982.43,92.36
20170419_050048,9.42,982.50,92.46
20170419_050118,9.44,982.52,92.45
20170419_050148,9.46,982.60,92.38
20170419_050218,9.45,982.69,92.46
20170419_050248,9.44,982.83,92.53
20170419_050319,9.45,982.80,92.47
20170419_050349,9.39,982.81,92.55
20170419_050419,9.38,982.83,92.63
20170419_050449,9.38,982.85,92.57
20170419_050519,9.34,982.83,92.70
20170419_050549,9.37,982.82,92.64
20170419_050619,9.38,982.79,92.54
20170419_050649,9.36,982.81,92.47
20170419_050719,9.39,982.83,92.47
20170419_050749,9.31,982.81,92.75
20170419_050819,9.30,982.87,92.79
20170419_050849,9.31,982.83,92.76
20170419_050919,9.28,982.88,92.90
20170419_050949,9.27,982.91,92.97
20170419_051019,9.31,982.95,92.80
20170419_051049,9.25,982.87,92.94
20170419_051119,9.25,982.96,92.97
20170419_051149,9.19,982.94,93.09
20170419_051219,9.20,983.04,93.11
20170419_051249,9.26,983.01,93.07
20170419_051319,9.24,982.97,93.11
20170419_051349,9.30,982.99,92.98
20170419_051420,9.26,982.88,92.94
20170419_051450,9.26,982.90,92.94
20170419_051520,9.20,982.87,93.14
20170419_051550,9.23,982.86,93.15
20170419_051620,9.16,982.86,93.26
20170419_051650,9.21,982.92,93.23
20170419_051720,9.27,982.91,93.03
20170419_051750,9.25,982.81,93.02
20170419_051820,9.21,982.89,93.11
20170419_051850,9.23,982.87,93.13
20170419_051920,9.21,982.83,93.01
20170419_051950,9.22,982.88,93.04
20170419_052020,9.20,982.83,93.17
20170419_052050,9.19,982.80,93.13
20170419_052120,9.13,982.83,93.36
20170419_052151,9.19,982.82,93.23
20170419_052221,9.24,982.87,93.15
20170419_052251,9.21,982.80,93.08
20170419_052321,9.21,982.80,93.09
20170419_052351,9.21,982.90,93.22
20170419_052421,9.29,982.85,92.69
20170419_052451,9.22,982.93,93.04
20170419_052521,9.27,982.99,92.99
20170419_052551,9.28,982.99,92.97
20170419_052621,9.23,983.08,93.00
20170419_052651,9.07,983.04,93.48
20170419_052721,9.15,983.00,93.43
20170419_052751,9.16,983.03,93.38
20170419_052822,9.18,982.96,93.40
20170419_052852,9.15,982.95,93.43
20170419_052922,9.18,982.91,93.26
20170419_052952,9.15,982.87,93.28
20170419_053022,9.08,982.79,93.51
20170419_053052,9.14,982.95,93.56
20170419_053122,9.20,982.93,93.35
20170419_053152,9.17,982.95,93.37
20170419_053222,9.17,982.95,93.36
20170419_053252,9.19,982.99,93.29
20170419_053322,9.17,983.01,93.35
20170419_053352,9.22,983.07,93.30
20170419_053422,9.19,983.10,93.34
20170419_053452,9.26,983.18,93.18
20170419_053522,9.24,983.14,93.14
20170419_053552,9.21,983.21,93.20
20170419_053622,9.09,983.21,93.19
20170419_053652,9.17,983.30,93.27
20170419_053722,9.19,983.33,93.29
20170419_053752,9.18,983.38,93.13
20170419_053822,9.18,983.37,93.12
20170419_053852,9.22,983.37,93.08
20170419_053923,9.21,983.42,93.08
20170419_053953,9.21,983.32,93.04
20170419_054023,9.17,983.35,93.10
20170419_054053,9.19,983.25,93.15
20170419_054123,9.22,983.20,93.17
20170419_054153,9.23,983.20,93.11
20170419_054223,9.22,983.14,92.95
20170419_054253,9.25,983.10,92.98
20170419_054323,9.18,983.02,92.98
20170419_054353,9.14,983.04,93.11
20170419_054423,9.10,983.04,93.06
20170419_054453,9.13,983.01,93.25
20170419_054523,9.21,983.05,93.13
20170419_054553,9.13,983.06,93.13
20170419_054623,9.10,983.02,93.01
20170419_054653,9.10,983.04,93.03
20170419_054723,9.02,983.03,92.80
20170419_054753,9.01,983.08,93.14
20170419_054823,9.00,983.08,93.12
20170419_054853,8.99,983.09,93.17
20170419_054923,9.10,983.08,93.11
20170419_054953,9.17,983.09,92.79
20170419_055024,9.18,983.10,92.63
20170419_055054,8.99,983.02,92.76
20170419_055124,8.97,983.02,93.12
20170419_055154,9.05,983.05,93.06
20170419_055224,9.10,983.06,92.88
20170419_055254,9.08,983.02,92.79
20170419_055324,9.13,982.93,92.72
20170419_055354,9.03,982.92,92.58
20170419_055424,9.02,982.85,92.92
20170419_055454,9.08,982.90,92.75
20170419_055524,9.07,982.85,92.58
20170419_055554,9.08,982.95,92.63
20170419_055624,9.02,982.92,92.78
20170419_055654,9.03,982.92,92.80
20170419_055724,9.10,982.92,92.75
20170419_055754,9.15,982.94,92.49
20170419_055824,9.04,982.88,92.55
20170419_055854,9.04,982.83,92.67
20170419_055924,9.00,982.83,92.79
20170419_055954,8.95,982.76,93.02
20170419_060024,8.93,982.73,93.18
20170419_060054,9.02,982.72,93.03
20170419_060124,8.97,982.68,92.99
20170419_060155,9.02,982.65,93.00
20170419_060225,9.01,982.63,92.97
20170419_060255,8.97,982.64,93.03
20170419_060325,9.03,982.64,92.98
20170419_060355,8.94,982.63,93.00
20170419_060425,8.95,982.65,93.17
20170419_060455,8.92,982.60,93.18
20170419_060525,8.94,982.59,93.09
20170419_060555,9.03,982.65,93.15
20170419_060625,9.06,982.62,92.84
20170419_060655,8.98,982.53,92.97
20170419_060725,9.00,982.57,93.16
20170419_060755,9.00,982.58,93.09
20170419_060825,9.04,982.47,92.90
20170419_060855,8.94,982.47,93.16
20170419_060925,8.99,982.44,93.00
20170419_060955,8.97,982.49,93.08
20170419_061025,9.05,982.52,92.86
20170419_061055,8.99,982.49,92.99
20170419_061125,9.00,982.54,92.98
20170419_061155,9.03,982.63,93.07
20170419_061225,8.97,982.54,92.84
20170419_061256,8.94,982.54,93.00
20170419_061326,8.99,982.60,93.14
20170419_061356,9.01,982.65,93.10
20170419_061426,9.04,982.59,92.91
20170419_061456,9.01,982.57,92.90
20170419_061526,8.98,982.63,92.93
20170419_061556,8.95,982.70,93.08
20170419_061626,9.02,982.70,92.96
20170419_061656,9.03,982.62,92.83
20170419_061726,9.02,982.67,93.01
20170419_061756,9.05,982.66,92.65
20170419_061826,8.94,982.52,92.88
20170419_061856,8.99,982.66,93.03
20170419_061926,8.95,982.59,93.04
20170419_061956,8.98,982.63,93.00
20170419_062026,8.96,982.66,93.19
20170419_062056,9.05,982.60,92.89
20170419_062126,9.09,982.59,92.80
20170419_062156,9.07,982.55,92.71
20170419_062226,9.00,982.62,92.86
20170419_062256,9.03,982.61,92.94
20170419_062326,9.15,982.63,92.93
20170419_062356,9.13,982.65,92.53
20170419_062427,9.14,982.66,92.66
20170419_062457,9.10,982.78,92.53
20170419_062527,9.18,982.76,92.60
20170419_062557,9.19,982.84,92.44
20170419_062627,9.20,982.89,92.46
20170419_062657,9.18,982.81,92.25
20170419_062727,9.25,982.94,92.50
20170419_062757,9.16,982.95,92.31
20170419_062827,9.19,982.97,92.29
20170419_062857,9.10,982.92,92.42
20170419_062927,9.11,983.00,92.58
20170419_062957,9.08,983.06,92.63
20170419_063027,9.14,983.06,92.49
20170419_063057,9.27,983.06,92.46
20170419_063127,9.25,983.06,92.06
20170419_063157,9.28,983.07,92.15
20170419_063227,9.22,983.16,92.06
20170419_063257,9.11,983.15,92.42
20170419_063327,9.20,983.17,92.42
20170419_063357,9.18,983.22,92.39
20170419_063427,9.10,983.15,92.54
20170419_063457,9.15,983.28,92.70
20170419_063528,9.16,983.27,92.46
20170419_063558,9.10,983.28,92.63
20170419_063628,9.16,983.36,92.47
20170419_063658,9.19,983.36,92.43
20170419_063728,9.26,983.41,92.34
20170419_063758,9.27,983.41,92.23
20170419_063828,9.22,983.34,92.19
20170419_063858,9.24,983.35,92.29
20170419_063928,9.31,983.43,92.15
20170419_063958,9.38,983.37,92.00
20170419_064028,9.53,983.33,91.74
20170419_064058,9.48,983.30,91.30
20170419_064128,9.43,983.27,91.56
20170419_064158,9.72,983.27,91.44
20170419_064228,9.78,983.16,90.94
20170419_064258,9.65,983.16,90.93
20170419_064328,9.69,983.14,90.68
20170419_064358,9.88,983.11,90.76
20170419_064428,9.98,983.11,90.09
20170419_064458,10.00,983.10,89.92
20170419_064528,9.70,983.06,90.32
20170419_064558,9.48,983.12,91.08
20170419_064629,9.46,983.15,91.53
20170419_064659,9.74,983.19,90.79
20170419_064729,10.05,983.15,90.63
20170419_064759,10.21,983.22,89.84
20170419_064829,9.95,983.23,89.73
20170419_064859,9.74,983.14,90.59
20170419_064929,9.84,983.17,90.50
20170419_064959,9.96,983.20,90.42
20170419_065029,10.01,983.20,90.66
20170419_065059,10.03,983.20,90.09
20170419_065129,9.79,983.19,90.40
20170419_065159,9.76,983.18,90.80
20170419_065229,9.71,983.22,91.07
20170419_065259,9.79,983.16,91.11
20170419_065329,9.83,983.17,91.10
20170419_065359,10.11,983.22,90.59
20170419_065429,9.91,983.12,90.31
20170419_065459,9.99,983.15,90.54
20170419_065529,9.65,983.09,91.19
20170419_065559,9.71,983.15,91.85
20170419_065629,9.86,983.13,90.99
20170419_065659,9.91,983.15,91.01
20170419_065730,10.10,983.17,90.67
20170419_065800,10.06,983.14,90.45
20170419_065830,10.02,983.12,90.87
20170419_065900,10.03,983.13,90.41
20170419_065930,10.06,983.13,90.55
20170419_070000,10.05,983.13,90.52
20170419_070030,9.89,983.18,90.86
20170419_070100,9.78,983.15,91.34
20170419_070130,9.72,983.11,91.60
20170419_070200,9.81,983.22,91.70
20170419_070230,10.02,983.20,91.20
20170419_070300,9.84,983.24,91.04
20170419_070330,9.83,983.25,91.11
20170419_070400,9.98,983.27,91.41
20170419_070430,10.11,983.28,90.35
20170419_070500,10.14,983.33,90.89
20170419_070530,10.24,983.41,90.02
20170419_070600,9.92,983.44,90.27
20170419_070630,10.02,983.44,90.93
20170419_070700,10.17,983.41,90.58
20170419_070730,10.26,983.39,90.51
20170419_070800,10.33,983.34,89.35
20170419_070831,10.38,983.38,89.09
20170419_070901,10.24,983.37,89.34
20170419_070931,10.16,983.32,89.70
20170419_071001,10.02,983.29,90.18
20170419_071031,9.76,983.28,91.08
20170419_071101,9.84,983.23,91.02
20170419_071131,10.04,983.21,90.91
20170419_071201,10.16,983.23,90.21
20170419_071231,10.37,983.26,89.81
20170419_071301,10.11,983.30,90.16
20170419_071331,9.97,983.25,90.61
20170419_071401,10.34,983.29,90.75
20170419_071431,10.16,983.27,90.28
20170419_071501,10.21,983.31,90.45
20170419_071531,10.13,983.27,90.26
20170419_071601,10.10,983.30,90.29
20170419_071631,10.50,983.26,89.52
20170419_071701,10.64,983.31,88.98
20170419_071731,10.66,983.25,88.47
20170419_071801,10.58,983.22,88.49
20170419_071831,10.63,983.24,88.42
20170419_071901,10.72,983.18,88.42
20170419_071931,10.63,983.11,88.45
20170419_072002,10.51,983.12,89.17
20170419_072032,10.31,983.10,89.81
20170419_072102,10.34,983.08,89.74
20170419_072132,10.25,983.08,89.72
20170419_072202,10.28,983.02,90.38
20170419_072232,10.30,983.06,90.09
20170419_072302,10.19,983.05,90.45
20170419_072332,10.37,983.06,90.70
20170419_072402,10.69,983.01,89.50
20170419_072432,10.84,983.07,88.94
20170419_072502,10.87,983.09,88.35
20170419_072532,10.48,983.13,88.78
20170419_072602,10.49,983.11,89.72
20170419_072632,10.16,983.15,89.85
20170419_072702,10.34,983.19,90.22
20170419_072732,10.78,983.17,89.36
20170419_072802,10.45,983.18,88.30
20170419_072832,10.63,983.18,88.80
20170419_072902,10.46,983.17,89.71
20170419_072932,10.52,983.22,89.64
20170419_073002,10.54,983.15,89.08
20170419_073032,10.67,983.03,89.40
20170419_073103,10.86,983.09,88.39
20170419_073133,10.85,983.08,88.31
20170419_073203,10.98,983.06,87.92
20170419_073233,10.94,983.04,87.57
20170419_073303,11.13,983.07,87.23
20170419_073333,11.16,982.99,86.69
20170419_073403,11.18,983.03,87.04
20170419_073433,11.27,983.00,86.64
20170419_073503,10.85,983.02,87.41
20170419_073533,10.74,983.01,87.81
20170419_073603,10.88,983.04,87.15
20170419_073633,10.66,983.03,87.96
20170419_073703,11.00,983.06,87.16
20170419_073733,11.13,983.10,86.67
20170419_073803,11.27,983.05,86.08
20170419_073833,11.42,983.10,86.12
20170419_073903,11.11,983.04,86.48
20170419_073933,11.14,983.04,86.06
20170419_074003,10.73,983.05,86.97
20170419_074033,10.63,982.96,87.04
20170419_074103,10.77,982.96,87.22
20170419_074133,10.98,982.92,86.20
20170419_074204,10.95,982.90,85.90
20170419_074234,10.84,982.91,87.26
20170419_074304,11.11,982.88,86.10
20170419_074334,11.26,982.94,85.10
20170419_074404,11.10,982.93,85.57
20170419_074434,11.22,982.99,85.75
20170419_074504,11.34,982.96,84.85
20170419_074534,11.06,982.91,85.73
20170419_074604,10.99,982.90,85.44
20170419_074634,10.91,982.91,86.46
20170419_074704,11.13,982.94,86.37
20170419_074734,11.19,982.92,85.40
20170419_074804,11.12,982.91,85.63
20170419_074834,11.11,982.91,86.20
20170419_074904,11.19,982.91,85.30
20170419_074934,11.25,982.97,85.08
20170419_075004,10.90,982.93,86.54
20170419_075034,11.14,982.96,85.69
20170419_075104,11.12,982.97,86.06
20170419_075134,10.76,982.98,86.35
20170419_075204,10.92,982.90,86.17
20170419_075234,10.86,982.93,86.13
20170419_075305,10.74,982.88,86.79
20170419_075335,10.79,982.80,86.80
20170419_075405,11.07,982.79,85.93
20170419_075435,11.02,982.76,85.73
20170419_075505,11.00,982.74,86.26
20170419_075535,11.02,982.74,86.12
20170419_075605,10.92,982.74,86.73
20170419_075635,11.04,982.68,85.92
20170419_075705,11.10,982.76,86.16
20170419_075735,11.01,982.69,85.90
20170419_075805,11.03,982.69,85.95
20170419_075835,11.08,982.60,85.79
20170419_075905,10.97,982.56,86.24
20170419_075935,11.25,982.62,85.10
20170419_080005,10.96,982.43,85.11
20170419_080035,11.24,982.54,85.44
20170419_080105,11.30,982.45,85.10
20170419_080135,11.45,982.42,84.64
20170419_080205,11.55,982.40,84.36
20170419_080235,11.32,982.38,85.19
20170419_080305,11.52,982.43,84.47
20170419_080335,11.55,982.41,84.09
20170419_080406,11.62,982.46,84.08
20170419_080436,11.01,982.47,85.35
20170419_080506,11.09,982.47,85.22
20170419_080536,11.24,982.56,84.92
20170419_080606,11.40,982.63,84.57
20170419_080636,11.39,982.62,84.07
20170419_080706,11.16,982.68,85.11
20170419_080736,10.96,982.59,85.57
20170419_080806,10.67,982.53,85.85
20170419_080836,10.75,982.54,86.12
20170419_080906,10.99,982.58,86.30
20170419_080936,11.12,982.57,85.44
20170419_081006,11.30,982.52,84.75
20170419_081036,11.43,982.55,84.66
20170419_081106,11.61,982.55,84.13
20170419_081136,11.05,982.57,85.24
20170419_081206,11.20,982.50,86.04
20170419_081236,11.19,982.54,85.25
20170419_081306,11.41,982.56,84.79
20170419_081336,11.52,982.61,84.60
20170419_081406,11.34,982.58,83.73
20170419_081436,11.37,982.64,83.74
20170419_081507,10.99,982.54,84.84
20170419_081537,10.86,982.57,85.35
20170419_081607,10.68,982.49,86.02
20170419_081637,10.69,982.43,86.72
20170419_081707,10.87,982.46,86.01
20170419_081737,11.12,982.37,85.52
20170419_081807,11.28,982.30,84.74
20170419_081837,11.24,982.27,84.67
20170419_081907,11.14,982.24,84.87
20170419_081937,10.90,982.29,85.22
20170419_082007,10.88,982.28,85.57
20170419_082037,10.98,982.23,85.42
20170419_082107,10.72,982.16,85.90
20170419_082137,11.08,982.25,85.38
20170419_082207,11.35,982.25,84.67
20170419_082237,11.53,982.23,84.13
20170419_082307,11.50,982.23,83.89
20170419_082337,11.58,982.20,84.04
20170419_082407,11.66,982.18,83.47
20170419_082437,11.69,982.24,83.55
20170419_082507,11.55,982.20,83.85
20170419_082537,11.22,982.25,84.40
20170419_082608,11.04,982.18,85.44
20170419_082638,10.93,982.25,85.69
20170419_082708,11.12,982.19,85.98
20170419_082738,11.03,982.20,85.35
20170419_082808,11.12,982.17,85.24
20170419_082838,11.17,982.14,85.71
20170419_082908,11.03,982.14,85.52
20170419_082938,10.90,982.06,85.65
20170419_083008,10.89,982.09,86.02
20170419_083038,11.00,982.10,85.76
20170419_083108,11.02,982.03,86.33
20170419_083138,11.13,982.10,85.77
20170419_083208,11.21,982.04,85.30
20170419_083238,11.27,982.03,85.20
20170419_083308,11.47,982.03,84.84
20170419_083338,11.28,982.07,84.71
20170419_083408,11.14,982.15,85.07
20170419_083438,11.12,982.22,85.16
20170419_083508,11.11,982.22,85.59
20170419_083538,11.24,982.28,84.62
20170419_083608,11.33,982.36,85.04
20170419_083638,11.14,982.46,84.91
20170419_083709,10.94,982.51,85.76
20170419_083739,10.90,982.64,85.81
20170419_083809,10.80,982.63,85.85
20170419_083839,10.76,982.66,86.26
20170419_083909,11.08,982.75,85.74
20170419_083939,10.94,982.78,85.68
20170419_084009,10.92,982.78,85.85
20170419_084039,10.93,982.85,85.70
20170419_084109,11.11,982.96,86.19
20170419_084139,11.26,983.04,85.36
20170419_084209,11.22,983.00,84.76
20170419_084239,11.37,982.95,84.41
20170419_084309,11.17,982.95,84.59
20170419_084339,11.19,982.98,84.82
20170419_084409,11.33,982.89,84.70
20170419_084439,11.31,982.86,84.28
20170419_084509,11.48,982.76,84.29
20170419_084539,11.48,982.75,83.74
20170419_084609,11.59,982.73,84.17
20170419_084639,11.58,982.73,83.84
20170419_084709,11.75,982.78,83.43
20170419_084739,11.76,982.72,83.53
20170419_084810,11.81,982.75,83.17
20170419_084840,11.78,982.75,82.78
20170419_084910,11.47,982.85,84.07
20170419_084940,11.66,982.83,83.90
20170419_085010,11.43,982.89,83.93
20170419_085040,11.24,982.84,84.23
20170419_085110,11.21,982.89,84.73
20170419_085140,11.36,982.89,84.25
20170419_085210,11.57,982.84,84.22
20170419_085240,11.29,982.88,84.39
20170419_085310,11.42,982.88,84.79
20170419_085340,11.47,982.83,84.26
20170419_085410,11.20,982.80,84.81
20170419_085440,11.00,982.77,85.47
20170419_085510,10.96,982.76,85.92
20170419_085540,11.18,982.75,85.87
20170419_085610,11.04,982.69,85.76
20170419_085640,11.08,982.69,85.84
20170419_085710,11.21,982.69,85.77
20170419_085740,11.27,982.69,85.15
20170419_085810,11.13,982.63,85.53
20170419_085840,11.01,982.59,85.81
20170419_085911,11.12,982.59,85.64
20170419_085941,11.18,982.58,85.79
20170419_090011,11.00,982.52,85.69
20170419_090041,11.04,982.55,85.92
20170419_090111,10.93,982.49,86.16
20170419_090141,10.89,982.43,86.16
20170419_090211,11.02,982.40,85.99
20170419_090241,11.20,982.40,85.70
20170419_090311,10.95,982.31,85.41
20170419_090341,11.23,982.39,85.75
20170419_090411,11.09,982.36,85.55
20170419_090441,10.91,982.30,85.85
20170419_090511,10.90,982.34,86.06
20170419_090541,10.85,982.36,86.23
20170419_090611,11.09,982.33,86.47
20170419_090641,11.10,982.35,85.43
20170419_090711,10.89,982.38,86.24
20170419_090741,10.94,982.40,86.04
20170419_090811,11.10,982.41,86.44
20170419_090841,11.08,982.42,86.15
20170419_090911,11.31,982.48,85.36
20170419_090942,11.11,982.45,85.36
20170419_091012,11.26,982.45,85.28
20170419_091042,11.08,982.42,85.56
20170419_091112,11.16,982.41,85.24
20170419_091142,11.16,982.44,85.35
20170419_091212,11.30,982.42,85.34
20170419_091242,11.24,982.36,85.29
20170419_091312,11.13,982.30,85.39
20170419_091342,11.14,982.36,85.64
20170419_091412,11.17,982.39,86.01
20170419_091443,11.29,982.30,85.57
20170419_091513,11.16,982.33,85.45
20170419_091543,11.22,982.30,85.48
20170419_091613,11.46,982.31,84.90
20170419_091643,11.37,982.27,84.97
20170419_091713,11.45,982.29,84.92
20170419_091743,11.26,982.25,85.07
20170419_091813,11.44,982.31,84.66
20170419_091843,11.57,982.27,84.70
20170419_091913,11.21,982.28,85.13
20170419_091943,11.03,982.28,85.77
20170419_092013,11.08,982.30,85.93
20170419_092043,10.94,982.29,86.44
20170419_092113,11.21,982.24,86.20
20170419_092143,11.25,982.25,86.25
20170419_092213,11.38,982.35,85.08
20170419_092243,10.99,982.33,85.95
20170419_092313,10.84,982.34,86.70
20170419_092344,10.90,982.35,86.80
20170419_092414,10.86,982.36,86.85
20170419_092444,11.16,982.36,87.00
20170419_092514,11.18,982.44,85.92
20170419_092544,10.97,982.43,86.20
20170419_092614,10.91,982.38,86.88
20170419_092644,10.92,982.42,86.93
20170419_092714,10.84,982.48,87.14
20170419_092744,11.02,982.43,87.11
20170419_092814,11.10,982.42,86.73
20170419_092844,11.38,982.45,85.98
20170419_092914,11.39,982.49,86.01
20170419_092944,11.41,982.43,85.46
20170419_093014,11.38,982.44,85.89
20170419_093044,11.27,982.48,85.64
20170419_093114,11.18,982.47,86.34
20170419_093144,11.35,982.47,86.14
20170419_093214,11.10,982.44,86.44
20170419_093244,11.17,982.41,86.30
20170419_093314,11.37,982.41,86.40
20170419_093344,11.30,982.33,86.09
20170419_093414,11.15,982.37,86.58
20170419_093445,11.10,982.37,87.03
20170419_093515,11.08,982.31,86.89
20170419_093545,10.98,982.27,87.46
20170419_093615,10.95,982.28,87.64
20170419_093645,11.14,982.20,87.35
20170419_093715,11.38,982.22,87.35
20170419_093745,11.31,982.22,86.95
20170419_093815,11.04,982.22,87.17
20170419_093845,11.13,982.18,88.47
20170419_093915,11.16,982.17,87.33
20170419_093945,11.00,982.20,88.33
20170419_094015,11.08,982.14,88.32
20170419_094045,11.12,982.18,88.45
20170419_094115,10.93,982.09,88.50
20170419_094145,10.89,982.17,88.88
20170419_094215,10.80,982.13,89.02
20170419_094245,10.77,982.13,89.05
20170419_094315,10.72,982.18,89.10
20170419_094345,11.00,982.20,89.11
20170419_094415,10.87,982.13,89.72
20170419_094445,10.87,982.14,88.47
20170419_094515,10.79,982.08,89.11
20170419_094546,10.64,982.02,89.53
20170419_094616,10.80,982.03,89.87
20170419_094646,10.91,982.14,89.59
20170419_094716,10.73,982.05,89.79
20170419_094746,10.65,982.09,90.44
20170419_094816,10.69,982.09,89.86
20170419_094846,10.70,982.17,90.26
20170419_094916,10.68,982.22,90.36
20170419_094946,10.86,982.25,90.49
20170419_095016,10.87,982.31,89.43
20170419_095046,10.82,982.35,89.86
20170419_095116,10.70,982.32,89.98
20170419_095146,10.92,982.35,90.17
20170419_095216,10.83,982.31,89.65
20170419_095246,10.68,982.21,90.46
20170419_095316,10.70,982.24,90.76
20170419_095346,10.67,982.25,90.43
20170419_095416,10.77,982.22,90.82
20170419_095446,10.75,982.33,90.82
20170419_095516,10.64,982.29,90.37
20170419_095546,10.63,982.40,90.45
20170419_095616,10.82,982.46,90.47
20170419_095647,10.74,982.47,90.88
20170419_095717,10.71,982.53,90.52
20170419_095747,10.68,982.54,91.15
20170419_095817,10.72,982.59,90.97
20170419_095847,10.73,982.69,90.77
20170419_095917,10.67,982.68,90.40
20170419_095947,10.67,982.73,90.69
20170419_100017,10.67,982.71,91.39
20170419_100047,10.67,982.80,91.20
20170419_100117,10.63,982.78,91.03
20170419_100147,10.63,982.83,91.43
20170419_100217,10.77,982.91,91.62
20170419_100247,10.79,982.89,91.40
20170419_100317,10.76,982.92,91.39
20170419_100347,10.78,982.91,92.04
20170419_100417,10.70,982.92,91.65
20170419_100447,10.78,982.91,92.14
20170419_100517,10.83,983.00,92.26
20170419_100547,10.85,983.07,92.03
20170419_100617,10.79,983.06,91.77
20170419_100647,10.78,983.07,91.69
20170419_100717,10.78,983.17,92.21
20170419_100747,10.75,983.13,92.26
20170419_100818,10.72,983.18,91.94
20170419_100848,10.69,983.24,92.31
20170419_100918,10.70,983.14,93.19
20170419_100948,10.76,983.17,93.13
20170419_101018,10.87,983.21,92.41
20170419_101048,10.92,983.17,92.83
20170419_101118,10.88,983.15,92.19
20170419_101148,10.91,983.16,92.84
20170419_101218,10.73,983.13,92.37
20170419_101248,10.76,983.11,93.18
20170419_101318,10.97,983.10,92.99
20170419_101348,10.79,983.00,92.12
20170419_101418,10.70,982.85,93.22
20170419_101448,10.70,982.67,93.86
20170419_101518,10.65,982.57,94.56
20170419_101548,10.53,982.32,94.62
20170419_101618,10.51,982.25,95.32
20170419_101648,10.51,982.09,95.65
20170419_101718,10.50,982.05,95.92
20170419_101748,10.51,982.06,95.89
20170419_101818,10.38,981.97,95.52
20170419_101849,10.38,981.93,95.93
20170419_101919,10.45,982.05,96.33
20170419_101949,10.62,982.12,95.53
20170419_102019,10.54,982.13,94.99
20170419_102049,10.45,982.32,95.37
20170419_102119,10.42,982.42,94.99
20170419_102149,10.40,982.52,95.84
20170419_102219,10.49,982.54,95.43
20170419_102249,10.39,982.57,94.28
20170419_102319,10.36,982.50,94.48
20170419_102349,10.40,982.50,94.79
20170419_102419,10.51,982.66,95.31
20170419_102449,10.61,982.66,95.11
20170419_102519,10.58,982.77,94.82
20170419_102549,10.47,982.91,94.54
20170419_102619,10.68,982.92,94.53
20170419_102649,10.75,983.02,95.09
20170419_102719,10.80,983.07,94.92
20170419_102749,10.81,983.10,94.83
20170419_102819,11.00,983.05,93.74
20170419_102849,11.19,983.08,93.06
20170419_102919,10.97,983.04,93.12
20170419_102949,10.95,983.09,92.76
20170419_103020,10.76,983.01,93.73
20170419_103050,10.67,983.01,94.46
20170419_103120,10.78,983.01,94.63
20170419_103150,10.75,983.03,95.24
20170419_103220,10.74,983.05,95.10
20170419_103250,10.69,983.18,94.90
20170419_103320,10.77,983.27,95.36
20170419_103350,10.83,983.32,95.62
20170419_103420,10.91,983.35,96.33
20170419_103450,10.95,983.35,95.89
20170419_103520,10.97,983.34,95.63
20170419_103550,10.79,983.23,94.48
20170419_103620,10.73,983.17,94.47
20170419_103650,10.59,983.03,94.13
20170419_103720,10.66,982.91,95.12
20170419_103750,10.81,982.85,95.15
20170419_103820,10.91,982.76,94.72
20170419_103850,11.07,982.79,94.63
20170419_103920,10.81,982.69,94.32
20170419_103950,10.73,982.68,95.49
20170419_104020,10.93,982.67,95.76
20170419_104050,10.98,982.67,95.12
20170419_104121,10.94,982.64,95.47
