20170411_111305,15.00,990.92,43.01
20170411_111413,14.59,990.94,43.52
20170411_111533,13.68,990.72,45.15
20170411_111604,13.64,990.78,45.60
20170411_111634,13.61,990.72,46.09
20170411_111704,12.96,990.86,47.55
20170411_111734,13.11,990.85,46.99
20170411_111804,12.70,990.84,48.16
20170411_111834,12.38,990.91,48.51
20170411_111904,12.75,990.92,48.04
20170411_111934,13.33,990.85,47.03
20170411_112004,13.19,990.86,46.52
20170411_112034,12.60,990.85,47.37
20170411_112104,11.66,990.88,48.94
20170411_112134,11.79,990.96,49.56
20170411_112204,11.88,990.92,48.98
20170411_112234,11.77,990.94,49.53
20170411_112304,12.44,990.94,48.75
20170411_112334,12.21,990.82,48.50
20170411_112404,12.25,990.96,49.28
20170411_112434,12.55,991.00,48.86
20170411_112504,11.90,990.95,49.26
20170411_112534,12.34,990.96,48.62
20170411_112604,12.56,990.93,48.44
20170411_112634,12.49,991.06,48.41
20170411_112705,11.49,990.91,49.84
20170411_112735,11.47,991.00,49.98
20170411_112805,11.18,991.06,50.83
20170411_112835,11.34,990.90,50.75
20170411_112905,10.89,990.92,51.06
20170411_112935,11.50,990.96,50.66
20170411_113005,11.33,990.95,50.78
20170411_113035,11.60,990.99,50.26
20170411_113105,11.94,990.92,49.65
20170411_113135,12.13,991.00,49.62
20170411_113205,12.57,991.03,48.70
20170411_113235,12.58,991.02,48.22
20170411_113305,12.77,991.02,47.97
20170411_113335,12.67,991.00,48.22
20170411_113405,12.95,990.97,47.86
20170411_113435,13.12,990.97,47.20
20170411_113505,13.16,990.90,47.28
20170411_113535,12.11,990.87,48.49
20170411_113605,12.31,990.89,49.40
20170411_113635,13.10,990.97,48.19
20170411_113705,13.04,990.99,47.92
20170411_113735,12.78,990.92,47.53
20170411_113805,12.56,990.93,47.98
20170411_113836,12.20,990.92,48.12
20170411_113906,11.94,990.96,49.28
20170411_113936,12.64,990.92,48.37
20170411_114006,12.35,990.87,48.33
20170411_114036,12.14,990.95,49.13
20170411_114106,11.84,990.91,49.41
20170411_114136,11.91,990.91,49.25
20170411_114206,11.99,990.93,49.42
20170411_114236,12.40,990.87,49.07
20170411_114306,12.56,990.87,48.66
20170411_114336,12.61,990.86,48.35
20170411_114406,12.47,990.93,48.93
20170411_114436,12.15,990.90,48.90
20170411_114506,12.26,990.96,49.16
20170411_114536,12.20,990.94,48.99
20170411_114606,12.85,990.95,48.36
20170411_114636,13.20,990.90,47.69
20170411_114706,13.06,990.88,47.93
20170411_114736,12.93,990.90,47.85
20170411_114806,12.83,990.85,47.66
20170411_114836,12.80,990.91,48.26
20170411_114906,12.77,990.87,47.79
20170411_114936,13.35,990.82,47.18
20170411_115007,13.34,990.81,46.66
20170411_115037,12.61,990.87,47.66
20170411_115107,12.82,990.88,47.92
20170411_115137,12.24,990.81,48.32
20170411_115207,12.87,990.87,48.18
20170411_115237,13.15,990.88,47.40
20170411_115307,12.89,990.90,47.37
20170411_115337,12.43,990.85,48.25
20170411_115407,12.22,990.88,48.34
20170411_115437,12.19,990.98,48.72
20170411_115507,11.98,990.86,49.12
20170411_115537,12.32,990.74,48.81
20170411_115607,12.56,990.93,48.45
20170411_115637,12.68,990.86,48.05
20170411_115707,12.76,990.81,47.88
20170411_115737,12.53,990.79,48.01
20170411_115807,12.68,990.84,48.42
20170411_115837,13.24,990.84,47.45
20170411_115907,13.16,990.85,47.67
20170411_115937,12.59,990.84,47.83
20170411_120007,12.69,990.93,48.40
20170411_120037,13.20,990.86,47.64
20170411_120108,13.05,990.88,47.83
20170411_120138,13.38,990.81,47.25
20170411_120208,13.55,990.82,46.48
20170411_120238,13.77,990.82,45.79
20170411_120308,13.76,990.79,46.36
20170411_120338,13.73,990.74,45.89
20170411_120408,13.36,990.67,46.28
20170411_120438,13.17,990.70,46.83
20170411_120508,12.73,990.70,47.74
20170411_120538,13.16,990.71,46.98
20170411_120608,13.24,990.66,46.58
20170411_120638,13.51,990.67,46.56
20170411_120708,13.96,990.70,45.59
20170411_120738,13.81,990.68,45.60
20170411_120808,13.28,990.60,46.55
20170411_120838,13.29,990.65,46.36
20170411_120908,13.21,990.58,46.49
20170411_120938,12.91,990.59,47.12
20170411_121008,12.58,990.63,47.16
20170411_121038,12.63,990.63,47.54
20170411_121108,12.85,990.68,47.56
20170411_121138,13.43,990.69,46.70
20170411_121209,13.39,990.61,46.15
20170411_121239,13.60,990.62,46.12
20170411_121309,13.40,990.63,46.19
20170411_121339,13.79,990.63,46.03
20170411_121409,13.78,990.63,45.68
20170411_121439,14.00,990.69,45.02
20170411_121509,14.22,990.68,44.67
20170411_121539,13.84,990.61,44.80
20170411_121609,13.93,990.63,45.47
20170411_121639,13.22,990.57,46.41
20170411_121709,12.94,990.60,47.11
20170411_121739,13.22,990.59,46.86
20170411_121809,12.89,990.51,46.53
20170411_121839,12.89,990.55,46.98
20170411_121909,12.86,990.57,46.56
20170411_121939,12.59,990.62,46.73
20170411_122009,12.87,990.61,46.67
20170411_122039,12.94,990.53,46.05
20170411_122109,12.96,990.59,46.71
20170411_122139,13.51,990.55,45.76
20170411_122209,13.70,990.60,45.42
20170411_122239,13.61,990.57,45.25
20170411_122309,13.12,990.49,46.06
20170411_122340,13.27,990.57,46.14
20170411_122410,13.33,990.53,46.17
20170411_122440,13.34,990.57,46.46
20170411_122510,13.81,990.57,45.57
20170411_122540,14.19,990.58,45.27
20170411_122610,14.28,990.59,44.87
20170411_122640,13.88,990.54,45.17
20170411_122710,13.54,990.52,45.75
20170411_122740,13.22,990.56,46.36
20170411_122810,13.00,990.44,46.68
20170411_122840,13.33,990.40,46.38
20170411_122910,13.77,990.47,45.70
20170411_122940,13.90,990.41,45.14
20170411_123010,13.87,990.49,45.44
20170411_123040,14.26,990.48,44.74
20170411_123110,14.11,990.51,44.76
20170411_123140,14.05,990.53,45.34
20170411_123210,14.34,990.53,44.50
20170411_123240,14.54,990.56,43.93
20170411_123310,14.05,990.55,43.92
20170411_123340,14.08,990.37,44.50
20170411_123410,14.26,990.59,44.49
20170411_123441,14.15,990.45,43.77
20170411_123511,13.86,990.52,44.01
20170411_123541,13.72,990.50,44.43
20170411_123611,13.65,990.48,44.79
20170411_123641,13.79,990.49,44.69
20170411_123711,13.76,990.44,44.46
20170411_123741,13.95,990.39,44.27
20170411_123811,14.09,990.50,44.11
20170411_123841,14.33,990.47,43.36
20170411_123911,14.22,990.44,43.50
20170411_123941,14.33,990.45,43.71
20170411_124011,14.54,990.45,43.68
20170411_124041,14.63,990.48,43.85
20170411_124111,14.47,990.45,43.54
20170411_124141,13.89,990.44,43.95
20170411_124211,13.63,990.30,44.40
20170411_124241,13.53,990.27,44.90
20170411_124311,13.57,990.42,45.26
20170411_124341,13.31,990.35,45.04
20170411_124411,13.54,990.36,44.91
20170411_124441,13.68,990.36,44.59
20170411_124511,14.01,990.36,44.16
20170411_124541,14.15,990.40,44.22
20170411_124612,14.04,990.35,44.83
20170411_124642,14.09,990.34,44.99
20170411_124712,14.19,990.36,44.98
20170411_124742,14.02,990.22,44.64
20170411_124812,14.35,990.37,44.28
20170411_124842,14.50,990.32,43.89
20170411_124912,14.85,990.38,43.25
20170411_124942,14.69,990.37,43.41
20170411_125012,14.99,990.25,42.86
20170411_125042,15.15,990.28,42.64
20170411_125112,14.89,990.34,42.68
20170411_125142,14.80,990.34,42.76
20170411_125212,14.96,990.31,42.88
20170411_125242,14.70,990.24,43.23
20170411_125312,14.63,990.28,43.46
20170411_125342,14.17,990.22,44.22
20170411_125412,14.67,990.28,43.71
20170411_125442,14.94,990.27,43.39
20170411_125512,14.32,990.33,42.68
20170411_125542,14.42,990.28,43.13
20170411_125612,14.40,990.19,43.27
20170411_125642,14.74,990.25,42.93
20170411_125713,14.70,990.29,42.93
20170411_125743,14.70,990.13,43.13
20170411_125813,14.48,990.28,43.64
20170411_125843,14.23,990.30,43.84
20170411_125913,14.67,990.29,43.72
20170411_125943,14.97,990.30,43.27
20170411_130013,15.05,990.27,42.34
20170411_130043,14.87,990.27,42.91
20170411_130113,15.34,990.21,42.56
20170411_130143,14.98,990.23,42.90
20170411_130213,14.78,990.32,43.28
20170411_130243,14.47,990.30,43.59
20170411_130313,14.36,990.28,43.65
20170411_130343,14.17,990.30,44.04
20170411_130413,14.10,990.30,44.09
20170411_130443,14.44,990.29,43.83
20170411_130513,14.67,990.27,43.28
20170411_130543,14.62,990.18,42.97
20170411_130613,14.17,990.20,43.99
20170411_130643,14.51,990.16,43.70
20170411_130713,14.84,990.09,43.10
20170411_130743,15.25,990.10,42.58
20170411_130813,15.83,990.08,41.88
20170411_130844,16.22,990.16,41.46
20170411_130914,15.93,990.10,40.83
20170411_130944,15.98,990.09,39.82
20170411_131014,16.01,990.05,39.67
20170411_131044,15.38,990.05,40.61
20170411_131114,15.05,990.05,41.42
20170411_131144,15.50,989.97,41.14
20170411_131214,15.41,990.05,41.38
20170411_131244,15.02,990.04,41.65
20170411_131314,14.89,990.02,42.39
20170411_131344,15.03,989.96,42.26
20170411_131414,15.24,990.00,42.00
20170411_131444,15.27,990.00,41.94
20170411_131514,15.56,990.08,41.70
20170411_131544,14.91,990.03,42.09
20170411_131614,14.91,990.03,42.35
20170411_131644,15.03,990.06,42.10
20170411_131714,14.82,990.07,41.95
20170411_131744,15.57,990.05,41.41
20170411_131814,15.76,990.03,40.84
20170411_131844,16.07,990.01,40.50
20170411_131914,16.29,990.05,40.27
20170411_131944,15.10,989.91,40.67
20170411_132015,14.76,990.03,41.63
20170411_132045,14.70,990.02,41.67
20170411_132115,15.11,989.96,41.40
20170411_132145,15.40,990.00,40.95
20170411_132215,15.33,989.89,40.49
20170411_132245,15.50,989.91,40.27
20170411_132315,15.64,989.87,40.37
20170411_132345,15.55,989.87,40.86
20170411_132415,15.87,989.90,40.45
20170411_132445,15.57,989.93,40.36
20170411_132515,15.47,989.93,41.01
20170411_132545,15.30,989.96,40.39
20170411_132615,14.79,989.88,41.31
20170411_132645,15.38,989.88,41.01
20170411_132715,15.48,989.91,40.61
20170411_132745,16.28,989.96,39.80
20170411_132815,16.41,989.87,39.36
20170411_132845,16.45,989.90,39.11
20170411_132915,16.33,989.79,39.02
20170411_132945,16.51,989.87,39.12
20170411_133015,16.18,989.84,39.35
20170411_133045,16.28,989.78,39.10
20170411_133116,16.43,989.80,39.11
20170411_133146,16.54,989.74,38.68
20170411_133216,16.23,989.81,38.92
20170411_133246,15.69,989.71,39.85
20170411_133316,15.21,989.76,40.58
20170411_133346,15.41,989.71,40.87
20170411_133416,15.99,989.78,40.25
20170411_133446,16.25,989.77,39.85
20170411_133516,16.53,989.79,39.57
20170411_133546,16.86,989.79,38.91
20170411_133616,16.87,989.74,38.37
20170411_133646,17.07,989.73,38.42
20170411_133716,16.78,989.74,38.79
20170411_133746,17.20,989.70,38.29
20170411_133816,16.55,989.75,38.87
20170411_133846,16.57,989.70,37.67
20170411_133916,16.67,989.68,37.88
20170411_133946,16.72,989.67,37.76
20170411_134016,16.87,989.71,38.01
20170411_134046,17.22,989.70,37.37
20170411_134116,17.16,989.72,36.83
20170411_134146,16.89,989.58,37.06
20170411_134216,16.02,989.64,37.81
20170411_134247,16.26,989.68,38.29
20170411_134317,16.35,989.74,38.07
20170411_134347,15.87,989.68,38.22
20170411_134417,15.69,989.57,38.33
20170411_134447,15.25,989.74,39.11
20170411_134517,15.01,989.61,39.25
20170411_134547,15.31,989.74,39.31
20170411_134617,15.36,989.70,38.77
20170411_134647,15.17,989.65,38.85
20170411_134717,15.48,989.78,39.00
20170411_134747,15.60,989.76,38.66
20170411_134817,15.53,989.70,39.10
20170411_134847,16.10,989.73,38.59
20170411_134917,15.78,989.73,38.66
20170411_134947,15.67,989.78,39.19
20170411_135017,15.07,989.66,39.95
20170411_135047,14.96,989.68,40.06
20170411_135117,15.24,989.66,40.01
20170411_135147,15.48,989.66,39.68
20170411_135217,15.66,989.66,38.66
20170411_135247,15.69,989.66,38.60
20170411_135317,15.50,989.64,38.90
20170411_135347,16.00,989.64,38.27
20170411_135418,16.12,989.57,38.81
20170411_135448,16.26,989.56,38.45
20170411_135518,15.92,989.45,39.12
20170411_135548,16.04,989.59,39.57
20170411_135618,16.49,989.59,38.92
20170411_135648,16.32,989.58,38.46
20170411_135718,16.25,989.61,38.66
20170411_135748,15.93,989.61,38.48
20170411_135818,16.06,989.63,38.41
20170411_135848,15.80,989.59,37.68
20170411_135918,15.38,989.53,38.27
20170411_135948,15.66,989.55,38.39
20170411_140018,15.26,989.49,38.48
20170411_140048,15.71,989.44,38.06
20170411_140118,15.47,989.67,38.66
20170411_140148,15.37,989.49,38.85
20170411_140218,15.30,989.53,38.95
20170411_140248,15.29,989.49,38.94
20170411_140318,15.35,989.49,39.15
20170411_140348,15.41,989.53,38.95
20170411_140418,15.26,989.46,39.05
20170411_140448,15.41,989.48,38.66
20170411_140519,15.54,989.51,38.84
20170411_140549,15.54,989.49,38.85
20170411_140619,15.89,989.51,38.57
20170411_140649,15.81,989.54,38.06
20170411_140719,15.37,989.48,38.63
20170411_140749,15.39,989.53,38.63
20170411_140819,15.18,989.50,38.54
20170411_140849,15.24,989.48,38.82
20170411_140919,15.50,989.47,38.81
20170411_140949,15.85,989.50,38.60
20170411_141019,16.38,989.58,37.98
20170411_141049,16.76,989.55,37.30
20170411_141119,16.68,989.49,37.37
20170411_141149,16.04,989.53,38.20
20170411_141219,16.49,989.57,38.01
20170411_141249,16.58,989.47,37.72
20170411_141319,17.01,989.48,37.40
20170411_141349,17.03,989.46,37.21
20170411_141419,17.36,989.56,37.08
20170411_141449,17.81,989.52,36.45
20170411_141519,17.91,989.39,36.13
20170411_141549,17.05,989.39,36.87
20170411_141619,16.95,989.42,36.97
20170411_141650,16.77,989.40,37.26
20170411_141720,16.82,989.45,37.19
20170411_141750,16.05,989.41,37.66
20170411_141820,16.36,989.43,37.66
20170411_141850,16.70,989.38,37.23
20170411_141920,16.56,989.38,37.37
20170411_141950,17.28,989.39,36.64
20170411_142020,17.36,989.40,37.14
20170411_142050,17.16,989.35,36.41
20170411_142120,16.71,989.36,37.60
20170411_142150,17.39,989.44,36.89
20170411_142220,17.14,989.40,36.95
20170411_142250,17.11,989.34,36.50
20170411_142320,16.45,989.25,37.43
20170411_142350,16.20,989.29,37.56
20170411_142420,16.23,989.36,37.71
20170411_142450,16.87,989.34,37.05
20170411_142520,17.17,989.33,36.84
20170411_142550,17.06,989.36,36.64
20170411_142620,17.09,989.33,36.92
20170411_142650,16.78,989.33,36.98
20170411_142720,16.92,989.32,36.80
20170411_142751,16.57,989.23,37.06
20170411_142821,16.88,989.24,37.22
20170411_142851,17.10,989.33,37.02
20170411_142921,17.76,989.42,36.22
20170411_142951,17.70,989.38,36.15
20170411_143021,17.16,989.33,36.88
20170411_143051,17.50,989.41,36.33
20170411_143121,17.81,989.44,36.29
20170411_143151,17.97,989.45,36.06
20170411_143221,18.13,989.43,35.78
20170411_143251,17.55,989.29,35.82
20170411_143321,16.77,989.36,36.08
20170411_143351,16.64,989.38,36.48
20170411_143421,16.26,989.36,37.43
20170411_143451,16.36,989.39,36.74
20170411_143521,16.76,989.33,36.96
20170411_143551,17.16,989.40,36.28
20170411_143621,17.04,989.31,36.21
20170411_143651,16.87,989.28,36.21
20170411_143721,16.42,989.22,36.48
20170411_143751,16.97,989.30,36.49
20170411_143821,17.23,989.26,35.98
20170411_143852,17.02,989.21,36.45
20170411_143922,17.50,989.21,35.92
20170411_143952,18.10,989.26,35.31
20170411_144022,17.86,989.22,35.17
20170411_144052,17.26,989.17,35.61
20170411_144122,17.14,989.19,35.94
20170411_144152,16.87,989.14,36.08
20170411_144222,16.52,989.15,36.82
20170411_144252,16.76,989.17,36.54
20170411_144322,16.68,989.24,36.26
20170411_144352,17.15,989.30,36.00
20170411_144422,17.71,989.17,35.09
20170411_144452,17.60,989.14,35.14
20170411_144522,16.71,989.14,36.30
20170411_144552,17.05,989.11,36.08
20170411_144622,17.42,989.14,35.86
20170411_144652,18.04,989.14,35.25
20170411_144722,18.28,989.11,35.16
20170411_144752,18.03,989.12,34.87
20170411_144822,17.84,989.07,35.15
20170411_144852,17.83,989.19,35.42
20170411_144922,17.86,989.12,35.30
20170411_144952,17.50,989.06,35.57
20170411_145023,17.68,989.10,35.74
20170411_145053,17.70,989.04,35.64
20170411_145123,17.92,989.09,35.33
20170411_145153,17.50,988.96,35.77
20170411_145223,17.18,988.96,35.97
20170411_145253,17.08,989.06,36.40
20170411_145323,17.17,989.02,36.03
20170411_145353,17.35,988.96,35.95
20170411_145423,17.13,989.04,35.93
20170411_145453,16.85,988.91,36.23
20170411_145523,16.74,988.93,36.41
20170411_145553,16.74,988.91,36.57
20170411_145623,16.88,988.88,36.60
20170411_145653,17.04,988.95,36.42
20170411_145723,16.97,988.92,36.44
20170411_145753,16.87,988.87,36.44
20170411_145823,16.90,988.85,36.84
20170411_145853,17.16,988.89,36.43
20170411_145923,17.16,988.86,36.29
20170411_145953,17.07,988.87,36.44
20170411_150023,17.48,988.89,36.02
20170411_150054,17.71,988.85,35.57
20170411_150124,17.40,988.83,35.96
20170411_150154,17.24,988.86,36.09
20170411_150224,17.03,988.85,36.38
20170411_150254,16.22,988.76,36.94
20170411_150324,16.46,988.81,36.91
20170411_150354,16.44,988.77,36.56
20170411_150424,16.82,988.74,36.41
20170411_150454,16.59,988.74,36.40
20170411_150524,17.14,988.75,36.18
20170411_150554,17.30,988.74,35.53
20170411_150624,16.73,988.74,36.02
20170411_150654,16.64,988.69,36.16
20170411_150724,16.49,988.67,36.36
20170411_150754,16.66,988.68,36.43
20170411_150824,16.78,988.68,36.24
20170411_150854,17.23,988.76,35.94
20170411_150924,17.93,988.72,35.19
20170411_150954,18.13,988.78,34.99
20170411_151024,18.13,988.69,34.85
20170411_151054,18.34,988.71,34.83
20170411_151124,18.52,988.67,34.57
20170411_151154,19.08,988.74,34.08
20170411_151225,19.21,988.71,34.07
20170411_151255,18.98,988.70,34.04
20170411_151325,18.82,988.71,34.61
20170411_151355,19.20,988.66,34.09
20170411_151425,18.35,988.63,34.51
20170411_151455,18.16,988.57,34.97
20170411_151525,18.23,988.61,34.70
20170411_151555,17.95,988.67,34.59
20170411_151625,18.48,988.67,34.54
20170411_151655,18.55,988.48,34.31
20170411_151725,18.54,988.53,34.42
20170411_151755,18.30,988.62,34.69
20170411_151825,18.66,988.58,34.33
20170411_151855,19.31,988.59,33.63
20170411_151925,18.99,988.58,33.74
20170411_151955,18.86,988.59,33.97
20170411_152025,18.19,988.51,34.57
20170411_152055,18.13,988.59,34.98
20170411_152125,17.73,988.55,34.90
20170411_152155,17.90,988.55,35.04
20170411_152225,18.17,988.56,35.03
20170411_152255,18.45,988.60,34.63
20170411_152325,18.22,988.58,34.61
20170411_152356,18.20,988.53,34.71
20170411_152426,18.87,988.56,34.25
20170411_152456,19.20,988.58,33.88
20170411_152526,19.25,988.58,33.56
20170411_152556,19.59,988.52,33.16
20170411_152626,19.32,988.57,33.09
20170411_152656,18.99,988.59,33.51
20170411_152726,19.44,988.60,33.17
20170411_152756,18.85,988.53,33.54
20170411_152826,18.71,988.51,33.75
20170411_152856,18.17,988.53,34.54
20170411_152926,18.20,988.52,34.81
20170411_152956,18.33,988.55,34.75
20170411_153026,18.76,988.57,34.11
20170411_153056,18.21,988.46,34.54
20170411_153126,17.83,988.47,35.01
20170411_153156,17.65,988.60,35.19
20170411_153226,17.83,988.57,35.22
20170411_153256,18.37,988.52,34.80
20170411_153326,18.31,988.55,34.67
20170411_153356,18.46,988.52,34.79
20170411_153426,18.69,988.53,34.41
20170411_153457,18.83,988.59,34.01
20170411_153527,18.71,988.51,34.00
20170411_153557,18.95,988.49,33.90
20170411_153627,19.29,988.48,33.55
20170411_153657,18.87,988.45,33.75
20170411_153727,18.68,988.43,34.24
20170411_153757,18.46,988.48,34.59
20170411_153827,17.98,988.43,35.15
20170411_153857,18.41,988.42,34.94
20170411_153927,18.66,988.43,34.85
20170411_153957,18.82,988.43,34.73
20170411_154027,18.65,988.43,34.36
20170411_154057,18.13,988.49,34.96
20170411_154127,17.81,988.44,35.13
20170411_154157,18.23,988.44,35.09
20170411_154227,18.45,988.41,34.71
20170411_154257,18.99,988.39,33.94
20170411_154327,19.14,988.41,34.16
20170411_154357,19.22,988.39,33.81
20170411_154427,19.04,988.40,33.90
20170411_154457,19.30,988.38,33.52
20170411_154527,19.09,988.42,33.70
20170411_154558,18.74,988.39,34.30
20170411_154628,18.96,988.41,34.02
20170411_154658,19.11,988.32,33.61
20170411_154728,18.30,988.27,34.50
20170411_154758,18.16,988.27,34.84
20170411_154828,18.27,988.28,34.41
20170411_154858,17.50,988.29,35.28
20170411_154928,17.85,988.29,35.04
20170411_154958,17.27,988.27,35.43
20170411_155028,17.38,988.32,35.55
20170411_155058,17.87,988.23,35.12
20170411_155128,18.32,988.25,34.81
20170411_155158,18.39,988.30,34.43
20170411_155228,18.88,988.31,33.53
20170411_155258,19.49,988.33,32.83
20170411_155328,19.04,988.31,33.14
20170411_155358,18.72,988.25,33.52
20170411_155428,18.54,988.23,33.93
20170411_155458,19.11,988.22,33.46
20170411_155528,19.24,988.27,33.10
20170411_155558,18.65,988.25,33.30
20170411_155628,18.72,988.21,33.61
20170411_155659,18.84,988.26,33.66
20170411_155729,19.08,988.29,33.48
20170411_155759,19.27,988.31,33.21
20170411_155829,19.45,988.26,33.05
20170411_155859,19.16,988.33,33.46
20170411_155929,19.59,988.34,32.95
20170411_155959,19.61,988.37,32.63
20170411_160029,19.27,988.38,33.10
20170411_160059,19.27,988.32,32.78
20170411_160129,19.65,988.32,32.52
20170411_160159,19.44,988.31,32.58
20170411_160229,19.15,988.25,32.95
20170411_160259,19.50,988.27,32.85
20170411_160329,19.00,988.29,32.91
20170411_160359,19.32,988.25,32.96
20170411_160429,19.62,988.28,32.45
20170411_160459,19.67,988.28,32.33
20170411_160529,19.41,988.29,32.54
20170411_160559,19.84,988.24,32.24
20170411_160629,20.07,988.26,31.94
20170411_160659,20.27,988.28,32.00
20170411_160729,20.49,988.26,32.62
20170411_160800,20.25,988.27,32.03
20170411_160830,19.75,988.22,32.46
20170411_160900,18.88,988.27,33.13
20170411_160930,18.69,988.23,33.70
20170411_161000,18.61,988.24,33.62
20170411_161030,18.73,988.20,33.50
20170411_161100,18.97,988.26,33.30
20170411_161130,18.80,988.27,33.67
20170411_161200,19.08,988.24,33.19
20170411_161230,18.80,988.22,33.41
20170411_161300,19.00,988.22,33.30
20170411_161330,19.16,988.24,33.14
20170411_161400,18.68,988.18,33.21
20170411_161430,18.46,988.23,33.84
20170411_161500,18.61,988.22,33.81
20170411_161530,18.92,988.27,33.57
20170411_161600,18.70,988.16,33.45
20170411_161630,19.00,988.23,33.45
20170411_161700,19.11,988.22,33.47
20170411_161730,19.55,988.23,32.77
20170411_161800,19.64,988.23,32.54
20170411_161830,19.73,988.22,32.59
20170411_161900,20.01,988.20,32.29
20170411_161931,19.87,988.24,32.41
20170411_162001,19.50,988.14,32.57
20170411_162031,19.87,988.21,32.51
20170411_162101,19.85,988.15,32.28
20170411_162131,19.27,988.21,32.48
20170411_162201,19.46,988.17,32.67
20170411_162231,19.43,988.18,32.68
20170411_162301,19.87,988.18,32.16
20170411_162331,20.11,988.20,31.90
20170411_162401,19.42,988.16,32.21
20170411_162431,19.44,988.16,32.48
20170411_162501,19.36,988.19,32.28
20170411_162531,19.50,988.19,32.52
20170411_162601,19.54,988.18,32.46
20170411_162631,19.32,988.16,32.28
20170411_162701,19.45,988.18,32.41
20170411_162731,20.03,988.20,31.95
20170411_162801,19.10,988.18,32.44
20170411_162831,18.76,988.13,32.96
20170411_162901,18.23,988.17,33.61
20170411_162931,18.01,988.20,34.18
20170411_163002,18.69,988.19,33.52
20170411_163032,18.47,988.18,33.65
20170411_163102,18.49,988.22,34.01
20170411_163132,18.94,988.22,34.02
20170411_163202,19.35,988.22,33.23
20170411_163232,19.56,988.24,32.67
20170411_163302,19.44,988.15,32.43
20170411_163332,19.38,988.19,32.45
20170411_163402,19.61,988.22,32.42
20170411_163432,19.47,988.16,32.94
20170411_163502,19.44,988.19,32.62
20170411_163532,19.12,988.20,32.73
20170411_163602,18.91,988.18,33.19
20170411_163632,18.69,988.19,33.37
20170411_163702,18.49,988.22,33.71
20170411_163732,19.07,988.19,33.19
20170411_163802,19.44,988.19,32.62
20170411_163832,19.78,988.21,31.99
20170411_163902,19.98,988.19,31.73
20170411_163932,19.52,988.25,32.38
20170411_164002,19.30,988.22,32.57
20170411_164032,19.62,988.24,32.57
20170411_164102,19.50,988.20,32.33
20170411_164133,19.05,988.26,32.61
20170411_164203,19.41,988.20,32.10
20170411_164233,19.07,988.15,32.46
20170411_164303,18.81,988.12,32.75
20170411_164333,19.01,988.19,32.51
20170411_164403,18.98,988.11,32.47
20170411_164433,18.49,988.07,32.88
20170411_164503,18.28,988.04,33.02
20170411_164533,17.74,988.11,33.49
20170411_164603,17.94,988.10,33.48
20170411_164633,18.42,988.13,33.34
20170411_164703,19.48,988.16,32.40
20170411_164733,19.85,988.11,31.96
20170411_164803,20.04,988.11,31.51
20170411_164833,20.41,988.12,31.07
20170411_164903,20.77,988.10,30.85
20170411_164933,20.43,988.07,30.99
20170411_165003,20.51,988.11,30.89
20170411_165033,19.88,988.14,31.36
20170411_165103,19.98,988.14,31.75
20170411_165133,20.18,988.10,31.57
20170411_165203,19.63,988.10,31.92
20170411_165234,19.51,988.08,32.31
20170411_165304,19.94,988.10,32.02
20170411_165334,20.33,988.00,31.47
20170411_165404,20.26,988.05,31.53
20170411_165434,20.37,988.04,31.52
20170411_165504,20.87,988.12,30.99
20170411_165534,20.54,988.07,30.88
20170411_165604,20.20,988.06,31.34
20170411_165634,19.93,988.05,31.72
20170411_165704,19.49,988.09,31.92
20170411_165734,19.91,988.06,31.69
20170411_165804,20.16,988.02,31.49
20170411_165834,20.19,988.08,31.26
20170411_165904,19.95,988.06,31.73
20170411_165934,20.42,988.07,31.55
20170411_170004,20.21,988.10,31.79
20170411_170034,20.16,988.11,31.46
20170411_170104,20.27,988.12,31.70
20170411_170134,19.99,988.16,31.34
20170411_170204,19.70,988.14,31.63
20170411_170234,19.57,988.13,31.80
20170411_170304,19.80,988.11,31.88
20170411_170335,19.49,988.18,31.93
20170411_170405,20.00,988.17,31.71
20170411_170435,20.53,988.16,31.22
20170411_170505,20.69,988.18,30.73
20170411_170535,20.79,988.16,30.72
20170411_170605,20.66,988.19,30.86
20170411_170635,20.97,988.15,30.65
20170411_170705,21.46,988.21,30.37
20170411_170735,21.11,988.16,30.59
20170411_170805,21.07,988.15,30.58
20170411_170835,20.73,988.23,30.88
20170411_170905,20.60,988.14,30.96
20170411_170935,20.76,988.15,31.04
20170411_171005,20.89,988.18,30.86
20170411_171035,20.75,988.12,30.85
20170411_171105,20.02,988.10,31.56
20170411_171135,20.14,988.10,31.68
20170411_171205,20.67,988.08,31.00
20170411_171235,21.04,988.09,30.55
20170411_171305,21.40,988.09,30.27
20170411_171335,21.69,988.10,30.04
20170411_171405,21.18,988.11,30.51
20170411_171435,21.07,988.04,30.69
20170411_171506,21.18,988.09,30.55
20170411_171536,21.10,988.08,30.45
20170411_171606,20.49,988.08,30.98
20170411_171636,19.81,987.97,31.25
20170411_171706,19.32,988.10,31.87
20170411_171736,19.29,988.11,31.89
20170411_171806,18.84,988.02,32.08
20170411_171836,18.59,988.08,32.87
20170411_171906,19.05,988.08,32.34
20170411_171936,19.27,988.09,32.01
20170411_172006,19.32,988.05,31.87
20170411_172036,19.19,988.05,31.86
20170411_172106,19.52,988.10,31.64
20170411_172136,19.22,987.98,32.01
20170411_172206,19.23,988.00,32.02
20170411_172236,18.87,987.99,32.54
20170411_172306,19.94,988.06,31.67
20170411_172336,20.17,987.96,31.25
20170411_172406,20.30,987.96,31.04
20170411_172436,20.76,988.02,30.60
20170411_172506,20.79,988.08,30.28
20170411_172536,20.72,987.98,30.24
20170411_172607,20.49,988.00,30.63
20170411_172637,20.59,988.03,30.62
20170411_172707,20.74,988.03,30.47
20170411_172737,20.51,988.03,30.68
20170411_172807,20.21,987.94,30.98
20170411_172837,20.40,987.98,30.96
20170411_172907,19.81,987.92,31.22
20170411_172937,19.73,987.95,31.28
20170411_173007,19.99,987.99,31.16
20170411_173037,19.95,987.97,31.09
20170411_173107,20.26,987.95,30.73
20170411_173137,20.58,987.90,30.53
20170411_173207,20.72,987.96,30.31
20170411_173237,20.92,988.01,30.20
20170411_173307,20.74,987.94,30.03
20170411_173337,20.23,987.91,30.61
20170411_173407,20.18,987.89,30.79
20170411_173437,19.83,987.93,31.26
20170411_173507,19.53,987.87,31.54
20170411_173537,20.05,987.91,31.16
20170411_173607,19.96,987.87,31.01
20170411_173637,19.59,987.87,31.44
20170411_173708,19.88,987.85,31.19
20170411_173738,20.04,987.97,31.09
20170411_173808,20.08,987.89,30.99
20170411_173838,20.03,987.86,31.06
20170411_173908,20.30,987.85,30.83
20170411_173938,20.43,987.85,30.61
20170411_174008,20.12,987.78,30.66
20170411_174038,19.87,987.83,31.01
20170411_174108,19.98,987.80,31.02
20170411_174138,19.81,987.78,31.16
20170411_174208,19.59,987.80,31.69
20170411_174238,19.95,987.81,31.20
20170411_174308,20.04,987.81,31.04
20170411_174338,20.11,987.76,30.75
20170411_174408,20.29,987.78,30.68
20170411_174438,20.45,987.78,30.46
20170411_174508,19.91,987.77,30.92
20170411_174538,18.88,987.74,32.13
20170411_174608,18.67,987.74,32.50
20170411_174638,18.98,987.78,32.10
20170411_174708,18.28,987.76,32.72
20170411_174738,18.24,987.78,32.80
20170411_174808,18.44,987.74,33.01
20170411_174839,18.95,987.72,32.17
20170411_174909,18.62,987.69,32.22
20170411_174939,18.85,987.76,32.30
20170411_175009,19.23,987.76,31.96
20170411_175039,19.10,987.78,31.86
20170411_175109,18.62,987.74,32.23
20170411_175139,18.80,987.77,32.33
20170411_175209,18.80,987.74,32.11
20170411_175239,18.79,987.77,32.21
20170411_175309,18.65,987.79,32.21
20170411_175339,18.65,987.79,32.11
20170411_175409,18.34,987.77,32.66
20170411_175439,18.80,987.82,32.63
20170411_175509,19.16,987.84,32.16
20170411_175539,19.58,987.83,31.66
20170411_175609,19.78,987.87,31.21
20170411_175639,19.00,987.82,31.94
20170411_175709,18.98,987.85,32.17
20170411_175739,19.02,987.81,31.95
20170411_175809,18.43,987.80,32.39
20170411_175839,18.55,987.74,32.56
20170411_175909,18.66,987.76,32.41
20170411_175939,18.80,987.86,32.37
20170411_180010,18.60,987.81,32.50
20170411_180040,18.24,987.78,32.81
20170411_180110,18.73,987.76,32.69
20170411_180140,18.29,987.81,32.79
20170411_180210,18.10,987.79,33.22
20170411_180240,18.28,987.78,33.00
20170411_180310,18.28,987.75,33.13
20170411_180340,18.67,987.81,32.71
20170411_180410,18.39,987.83,32.45
20170411_180440,18.30,987.76,32.80
20170411_180510,18.50,987.76,32.84
20170411_180540,18.88,987.82,32.36
20170411_180610,18.95,987.81,32.22
20170411_180640,18.66,987.85,32.43
20170411_180710,18.35,987.80,32.51
20170411_180740,18.19,987.77,32.57
20170411_180810,18.05,987.77,32.73
20170411_180840,18.12,987.77,32.77
20170411_180910,18.12,987.78,32.91
20170411_180940,18.06,987.79,33.00
20170411_181010,18.16,987.80,32.96
20170411_181040,18.06,987.80,33.17
20170411_181111,17.83,987.81,33.22
20170411_181141,17.78,987.83,33.39
20170411_181211,17.69,987.84,33.60
20170411_181241,17.62,987.83,33.70
20170411_181311,17.20,987.89,34.19
20170411_181341,17.24,987.85,34.35
20170411_181411,17.21,987.90,34.32
20170411_181441,17.09,987.91,34.57
20170411_181511,17.02,987.91,34.55
20170411_181541,16.86,987.89,34.84
20170411_181611,16.71,987.91,35.13
20170411_181641,16.57,987.89,35.45
20170411_181711,16.48,987.97,35.60
20170411_181741,16.33,987.92,35.44
20170411_181811,16.23,987.95,35.65
20170411_181841,16.24,987.92,35.77
20170411_181911,16.24,987.91,35.83
20170411_181941,16.21,987.96,35.87
20170411_182011,16.19,987.92,35.84
20170411_182041,16.19,987.90,36.07
20170411_182111,16.16,987.92,36.15
20170411_182141,16.08,987.91,36.29
20170411_182211,15.97,987.88,36.33
20170411_182242,15.95,987.88,36.52
20170411_182312,15.90,987.98,36.76
20170411_182342,15.84,987.91,36.69
20170411_182412,15.82,987.89,36.69
20170411_182442,15.79,987.92,36.63
20170411_182512,15.75,987.93,36.71
20170411_182542,15.72,987.90,36.86
20170411_182612,15.67,987.88,36.49
20170411_182642,15.61,987.87,36.58
20170411_182712,15.58,987.90,36.63
20170411_182742,15.61,987.87,36.67
20170411_182812,15.53,987.86,36.92
20170411_182842,15.51,987.87,37.10
20170411_182912,15.50,987.86,37.02
20170411_182942,15.51,987.81,37.16
20170411_183012,15.50,987.87,37.15
20170411_183042,15.45,987.89,37.20
20170411_183112,15.42,987.88,37.32
20170411_183142,15.41,987.89,37.31
20170411_183212,15.44,987.87,37.06
20170411_183242,15.46,987.82,37.03
20170411_183312,15.46,987.85,37.09
20170411_183342,15.41,987.84,37.13
20170411_183413,15.37,987.87,37.23
20170411_183443,15.34,987.86,37.35
20170411_183513,15.33,987.87,37.38
20170411_183543,15.27,987.86,37.44
20170411_183613,15.20,987.93,37.71
20170411_183643,15.18,987.92,37.79
20170411_183713,15.12,987.90,38.05
20170411_183743,15.08,987.92,38.05
20170411_183813,15.02,987.89,38.15
20170411_183843,15.02,987.90,38.14
20170411_183913,14.99,987.90,38.08
20170411_183943,14.92,987.94,38.08
20170411_184013,14.87,987.89,38.10
20170411_184043,14.84,987.91,37.93
20170411_184113,14.82,987.92,38.02
20170411_184143,14.80,987.97,38.02
20170411_184213,14.78,987.93,38.12
20170411_184243,14.82,987.91,38.12
20170411_184313,14.80,987.88,38.08
20170411_184343,14.81,987.88,38.11
20170411_184413,14.85,987.94,38.17
20170411_184443,14.94,987.97,38.01
20170411_184513,14.99,987.91,37.93
20170411_184543,15.03,987.97,37.93
20170411_184614,15.02,987.94,38.07
20170411_184644,14.99,987.97,38.34
20170411_184714,14.92,987.93,38.38
20170411_184744,14.83,987.94,38.56
20170411_184814,14.80,987.97,38.68
20170411_184844,14.75,987.96,38.79
20170411_184914,14.70,987.96,38.89
20170411_184944,14.67,988.02,39.02
20170411_185014,14.65,987.96,39.16
20170411_185044,14.67,988.01,38.56
20170411_185114,14.64,988.03,38.42
20170411_185144,14.59,987.96,38.47
20170411_185214,14.56,987.96,38.88
20170411_185244,14.58,988.03,39.25
20170411_185314,14.50,987.99,39.32
20170411_185344,14.43,988.03,39.45
20170411_185414,14.32,988.03,40.30
20170411_185444,14.25,988.01,40.41
20170411_185514,14.15,987.98,40.15
20170411_185544,14.11,988.04,40.01
20170411_185614,14.12,988.00,39.60
20170411_185644,14.14,988.04,39.76
20170411_185715,14.16,988.02,39.85
20170411_185745,14.33,988.00,40.37
20170411_185815,14.39,988.02,39.74
20170411_185845,14.42,988.06,39.52
20170411_185915,14.45,988.03,39.89
20170411_185945,14.45,988.02,39.35
20170411_190015,14.44,988.03,39.31
20170411_190045,14.46,988.00,39.36
20170411_190115,14.48,988.05,39.25
20170411_190145,14.56,988.01,39.55
20170411_190215,14.64,988.06,39.21
20170411_190245,14.63,988.03,39.23
20170411_190315,14.61,988.03,39.42
20170411_190345,14.61,988.03,38.97
20170411_190415,14.60,987.99,39.40
20170411_190445,14.64,987.98,39.10
20170411_190515,14.70,987.96,39.21
20170411_190545,14.71,987.94,38.77
20170411_190615,14.77,988.03,39.44
20170411_190645,14.75,988.00,38.87
20170411_190715,14.73,987.98,38.98
20170411_190745,14.71,988.00,39.02
20170411_190816,14.68,987.97,39.04
20170411_190846,14.71,988.00,39.57
20170411_190916,14.74,988.02,39.66
20170411_190946,14.80,987.98,39.70
20170411_191016,14.77,988.02,39.04
20170411_191046,14.74,988.04,39.12
20170411_191116,14.70,988.00,39.29
20170411_191146,14.68,987.99,38.97
20170411_191216,14.67,987.95,39.33
20170411_191246,14.68,987.97,39.34
20170411_191316,14.67,988.01,39.42
20170411_191346,14.66,988.04,39.33
20170411_191416,14.67,988.07,39.34
20170411_191446,14.64,988.12,39.46
20170411_191516,14.63,988.05,39.09
20170411_191546,14.64,988.03,39.25
20170411_191616,14.62,988.07,39.07
20170411_191646,14.60,988.03,39.06
20170411_191716,14.59,988.06,39.40
20170411_191746,14.59,988.09,39.59
20170411_191816,14.61,988.04,39.98
20170411_191846,14.60,988.03,40.25
20170411_191917,14.58,988.00,39.88
20170411_191947,14.58,988.04,40.23
20170411_192017,14.56,988.05,40.29
20170411_192047,14.56,988.03,40.29
20170411_192117,14.56,988.04,40.03
20170411_192147,14.53,988.04,40.08
20170411_192217,14.53,988.08,40.14
20170411_192247,14.54,988.09,40.20
20170411_192317,14.53,988.13,40.42
20170411_192347,14.48,988.09,40.08
20170411_192417,14.46,988.10,39.96
20170411_192447,14.44,988.08,40.03
20170411_192517,14.43,988.11,40.03
20170411_192547,14.43,988.15,39.80
20170411_192617,14.43,988.12,39.89
20170411_192647,14.41,988.11,39.86
20170411_192717,14.42,988.13,39.95
20170411_192747,14.42,988.11,40.15
20170411_192817,14.40,988.13,40.06
20170411_192847,14.40,988.13,40.37
20170411_192917,14.38,988.13,40.20
20170411_192947,14.46,988.07,40.78
20170411_193017,14.41,988.13,40.37
20170411_193048,14.39,988.14,40.64
20170411_193118,14.36,988.15,40.85
20170411_193148,14.39,988.11,40.63
20170411_193218,14.38,988.14,40.76
20170411_193248,14.39,988.19,41.19
20170411_193318,14.44,988.17,41.25
20170411_193348,14.39,988.20,40.69
20170411_193418,14.35,988.19,40.96
20170411_193448,14.36,988.17,40.81
20170411_193518,14.31,988.21,40.78
20170411_193548,14.33,988.19,41.24
20170411_193618,14.33,988.23,41.27
20170411_193648,14.42,988.19,41.32
20170411_193718,14.42,988.21,41.31
20170411_193748,14.48,988.23,41.48
20170411_193818,14.46,988.24,41.52
20170411_193848,14.43,988.21,41.65
20170411_193918,14.41,988.30,41.65
20170411_193948,14.37,988.24,42.08
20170411_194018,14.33,988.27,41.93
20170411_194048,14.27,988.29,42.10
20170411_194119,14.20,988.31,42.33
20170411_194149,14.13,988.25,42.44
20170411_194219,14.10,988.33,42.59
20170411_194249,14.02,988.28,42.92
20170411_194319,14.00,988.30,42.66
20170411_194349,13.99,988.28,42.84
20170411_194419,13.95,988.25,42.41
20170411_194449,13.93,988.29,42.71
20170411_194519,13.93,988.28,42.68
20170411_194549,13.96,988.30,42.71
20170411_194619,13.98,988.37,42.73
20170411_194649,13.95,988.32,42.77
20170411_194719,13.94,988.37,42.53
20170411_194749,13.90,988.34,42.12
20170411_194819,13.88,988.31,42.19
20170411_194849,13.90,988.36,42.68
20170411_194919,13.91,988.34,42.65
20170411_194949,13.95,988.36,43.00
20170411_195019,13.94,988.37,42.97
20170411_195049,13.90,988.39,42.72
20170411_195119,13.91,988.45,42.88
20170411_195149,13.93,988.43,43.05
20170411_195219,13.93,988.41,43.23
20170411_195250,13.95,988.45,43.04
20170411_195320,13.91,988.45,43.29
20170411_195350,13.88,988.43,43.74
20170411_195420,13.86,988.46,43.42
20170411_195450,13.84,988.45,43.79
20170411_195520,13.77,988.48,43.88
20170411_195550,13.77,988.50,43.68
20170411_195620,13.72,988.46,44.09
20170411_195650,13.68,988.54,43.97
20170411_195720,13.68,988.53,44.22
20170411_195750,13.65,988.53,44.12
20170411_195820,13.68,988.51,44.19
20170411_195850,13.68,988.54,43.97
20170411_195920,13.64,988.56,44.04
20170411_195950,13.64,988.55,44.14
20170411_200020,13.71,988.55,43.65
20170411_200050,13.69,988.54,43.71
20170411_200120,13.62,988.62,43.68
20170411_200150,13.62,988.63,43.76
20170411_200220,13.63,988.57,43.95
20170411_200250,13.66,988.65,43.85
20170411_200320,13.64,988.64,43.65
20170411_200351,13.63,988.64,43.55
20170411_200421,13.69,988.65,43.89
20170411_200451,13.79,988.63,43.63
20170411_200521,13.71,988.70,43.18
20170411_200551,13.70,988.57,43.46
20170411_200621,13.74,988.55,43.41
20170411_200651,13.70,988.62,43.53
20170411_200721,13.70,988.70,43.59
20170411_200751,13.70,988.63,43.31
20170411_200821,13.79,988.63,43.69
20170411_200851,13.79,988.61,43.48
20170411_200921,13.76,988.61,43.34
20170411_200951,13.76,988.63,43.60
20170411_201021,13.79,988.63,43.58
20170411_201051,13.80,988.63,43.70
20170411_201121,13.77,988.67,43.31
20170411_201151,13.78,988.67,43.76
20170411_201221,13.81,988.66,43.47
20170411_201251,13.74,988.69,43.47
20170411_201321,13.69,988.72,43.60
20170411_201351,13.68,988.70,43.65
20170411_201421,13.77,988.76,43.44
20170411_201452,13.75,988.77,43.49
20170411_201522,13.75,988.73,43.70
20170411_201552,13.77,988.80,43.98
20170411_201622,13.77,988.79,43.41
20170411_201652,13.73,988.79,43.65
20170411_201722,13.83,988.77,43.64
20170411_201752,13.74,988.82,43.83
20170411_201822,13.73,988.80,44.09
20170411_201852,13.70,988.82,43.79
20170411_201922,13.76,988.82,44.16
20170411_201952,13.79,988.87,44.25
20170411_202022,13.71,988.85,44.01
20170411_202052,13.70,988.82,44.32
20170411_202122,13.64,988.85,44.07
20170411_202152,13.71,988.86,43.99
20170411_202222,13.72,988.87,44.38
20170411_202252,13.80,988.92,44.44
20170411_202322,13.78,988.87,43.98
20170411_202352,13.74,988.87,43.87
20170411_202422,13.70,988.89,44.46
20170411_202452,13.68,988.87,43.98
20170411_202522,13.63,988.90,44.25
20170411_202553,13.55,988.85,44.40
20170411_202623,13.55,988.87,44.68
20170411_202653,13.56,988.88,44.79
20170411_202723,13.60,988.92,44.90
20170411_202753,13.60,988.93,44.40
20170411_202823,13.65,988.96,44.33
20170411_202853,13.62,988.92,44.54
20170411_202923,13.57,988.94,44.45
20170411_202953,13.54,988.98,44.51
20170411_203023,13.53,988.96,44.51
20170411_203053,13.46,988.99,44.33
20170411_203123,13.45,989.01,44.78
20170411_203153,13.39,988.96,44.97
20170411_203223,13.43,988.99,44.83
20170411_203253,13.43,988.95,44.49
20170411_203323,13.37,989.02,44.53
20170411_203353,13.34,988.91,45.09
20170411_203423,13.33,989.02,45.38
20170411_203453,13.38,988.97,45.43
20170411_203523,13.34,988.97,45.43
20170411_203553,13.33,988.98,45.59
20170411_203623,13.32,988.99,45.45
20170411_203654,13.28,989.01,45.48
20170411_203724,13.21,989.02,45.66
20170411_203754,13.17,989.04,45.43
20170411_203824,13.11,989.01,45.75
20170411_203854,13.08,989.03,45.58
20170411_203924,13.07,988.98,45.80
20170411_203954,13.03,988.98,45.55
20170411_204024,13.00,989.00,46.10
20170411_204054,12.98,988.94,46.46
20170411_204124,12.99,988.98,46.06
20170411_204154,12.94,988.97,46.07
20170411_204224,12.89,988.96,46.31
20170411_204254,12.91,988.99,46.51
20170411_204324,12.90,988.97,46.47
20170411_204354,12.88,988.97,46.80
20170411_204424,12.85,989.00,46.77
20170411_204454,12.83,988.97,46.88
20170411_204524,12.81,988.97,46.73
20170411_204554,12.77,988.98,46.98
20170411_204624,12.86,988.97,47.25
20170411_204654,12.83,988.96,47.03
20170411_204724,12.86,988.96,47.22
20170411_204754,12.82,988.98,47.21
20170411_204825,12.83,988.90,47.19
20170411_204855,12.74,988.92,47.32
20170411_204925,12.68,988.98,47.53
20170411_204955,12.63,988.96,47.57
20170411_205025,12.58,988.91,47.58
20170411_205055,12.54,988.96,47.58
20170411_205125,12.54,988.89,47.62
20170411_205155,12.53,988.94,47.46
20170411_205225,12.53,988.95,47.63
20170411_205255,12.52,988.88,47.65
20170411_205325,12.48,988.93,47.70
20170411_205355,12.43,988.96,47.79
20170411_205425,12.40,988.98,47.59
20170411_205455,12.39,989.00,47.82
20170411_205525,12.51,989.01,47.90
20170411_205555,12.49,989.02,47.55
20170411_205625,12.49,989.00,47.83
20170411_205655,12.42,989.00,47.63
20170411_205725,12.38,989.04,47.91
20170411_205755,12.47,989.01,47.78
20170411_205825,12.54,988.95,47.20
20170411_205855,12.56,988.97,47.02
20170411_205926,12.57,989.01,47.35
20170411_205956,12.73,988.99,46.56
20170411_210026,12.85,989.01,46.80
20170411_210056,12.73,988.99,46.69
20170411_210126,12.71,988.96,46.49
20170411_210156,12.82,988.96,46.49
20170411_210226,12.80,988.97,46.34
20170411_210256,12.70,988.92,46.57
20170411_210326,12.66,988.93,46.86
20170411_210356,12.63,988.96,47.16
20170411_210426,12.62,988.93,47.20
20170411_210456,12.63,988.99,47.21
20170411_210526,12.57,988.95,47.08
20170411_210556,12.55,988.97,47.25
20170411_210626,12.46,989.00,47.32
20170411_210656,12.42,989.08,47.50
20170411_210726,12.35,989.13,47.33
20170411_210756,12.37,989.10,47.19
20170411_210826,12.34,989.11,47.48
20170411_210856,12.54,989.14,47.36
20170411_210926,12.69,989.12,46.47
20170411_210956,12.54,989.17,46.61
20170411_211027,12.59,989.16,46.73
20170411_211057,12.72,989.13,46.76
20170411_211127,12.61,989.17,46.50
20170411_211157,12.54,989.21,46.62
20170411_211227,12.44,989.17,46.54
20170411_211257,12.44,989.23,46.63
20170411_211327,12.37,989.22,46.75
20170411_211357,12.36,989.24,46.99
20170411_211427,12.32,989.23,47.00
20170411_211457,12.31,989.20,47.35
20170411_211527,12.45,989.21,47.10
20170411_211557,12.48,989.23,47.21
20170411_211627,12.43,989.27,46.97
20170411_211657,12.43,989.29,47.36
20170411_211727,12.43,989.26,47.29
20170411_211757,12.32,989.26,47.11
20170411_211827,12.45,989.22,47.54
20170411_211857,12.52,989.22,47.38
20170411_211927,12.59,989.24,47.15
20170411_211957,12.56,989.23,47.11
20170411_212027,12.55,989.24,47.22
20170411_212057,12.58,989.16,47.04
20170411_212127,12.51,989.16,47.15
20170411_212158,12.51,989.20,47.17
20170411_212228,12.55,989.21,47.19
20170411_212258,12.49,989.21,47.17
20170411_212328,12.52,989.14,47.34
20170411_212358,12.60,989.20,47.54
20170411_212428,12.70,989.20,47.15
20170411_212458,12.69,989.20,47.07
20170411_212528,12.61,989.23,47.13
20170411_212558,12.63,989.17,47.18
20170411_212628,12.58,989.23,47.21
20170411_212658,12.59,989.21,47.27
20170411_212728,12.48,989.28,47.13
20170411_212758,12.49,989.23,47.50
20170411_212828,12.66,989.26,47.47
20170411_212858,12.70,989.29,47.31
20170411_212928,12.46,989.29,46.90
20170411_212958,12.47,989.25,47.48
20170411_213028,12.51,989.25,47.27
20170411_213058,12.43,989.33,47.34
20170411_213128,12.37,989.27,47.59
20170411_213158,12.40,989.28,47.66
20170411_213228,12.41,989.31,47.50
20170411_213259,12.45,989.32,47.37
20170411_213329,12.48,989.34,47.64
20170411_213359,12.43,989.31,47.21
20170411_213429,12.42,989.34,47.45
20170411_213459,12.36,989.37,47.48
20170411_213529,12.39,989.39,47.68
20170411_213559,12.32,989.39,47.65
20170411_213629,12.35,989.39,47.78
20170411_213659,12.34,989.37,48.25
20170411_213729,12.39,989.37,48.17
20170411_213759,12.38,989.36,48.05
20170411_213829,12.44,989.41,47.96
20170411_213859,12.44,989.43,47.64
20170411_213929,12.37,989.44,47.94
20170411_213959,12.27,989.40,47.86
20170411_214029,12.24,989.39,47.91
20170411_214059,12.18,989.41,47.94
20170411_214129,12.17,989.39,48.00
20170411_214159,12.12,989.47,48.04
20170411_214229,12.05,989.41,47.75
20170411_214259,11.98,989.43,48.11
20170411_214329,12.00,989.42,48.15
20170411_214400,12.06,989.41,48.21
20170411_214430,12.09,989.46,48.20
20170411_214500,12.00,989.44,48.19
20170411_214530,12.10,989.48,48.51
20170411_214600,12.08,989.48,47.83
20170411_214630,12.17,989.44,48.31
20170411_214700,12.20,989.34,47.76
20170411_214730,12.16,989.46,48.51
20170411_214800,12.12,989.41,48.12
20170411_214830,12.19,989.41,48.34
20170411_214900,12.19,989.37,48.69
20170411_214930,12.10,989.39,48.30
20170411_215000,12.13,989.41,48.24
20170411_215030,12.08,989.41,48.47
20170411_215100,12.05,989.37,48.92
20170411_215130,12.14,989.36,48.68
20170411_215200,12.10,989.49,48.72
20170411_215230,12.28,989.45,48.66
20170411_215300,12.27,989.41,48.44
20170411_215330,12.19,989.47,48.87
20170411_215400,12.20,989.43,48.74
20170411_215430,12.10,989.48,49.04
20170411_215500,12.16,989.44,48.95
20170411_215531,12.21,989.42,48.89
20170411_215601,12.05,989.49,49.29
20170411_215631,12.03,989.40,49.55
20170411_215701,11.89,989.39,49.27
20170411_215731,11.87,989.46,49.84
20170411_215801,11.85,989.41,49.81
20170411_215831,11.76,989.43,49.55
20170411_215901,11.69,989.42,49.39
20170411_215931,11.68,989.48,50.00
20170411_220001,11.66,989.46,49.57
20170411_220031,11.61,989.42,49.84
20170411_220101,11.77,989.47,49.60
20170411_220131,11.68,989.51,49.68
20170411_220201,11.60,989.51,49.77
20170411_220231,11.63,989.50,50.01
20170411_220301,11.64,989.48,50.03
20170411_220331,11.62,989.49,49.88
20170411_220401,11.58,989.50,49.87
20170411_220431,11.59,989.49,49.43
20170411_220501,11.60,989.55,49.77
20170411_220531,11.57,989.50,49.90
20170411_220601,11.51,989.53,49.68
20170411_220631,11.48,989.55,49.73
20170411_220702,11.47,989.52,49.67
20170411_220732,11.50,989.55,49.58
20170411_220802,11.49,989.63,49.60
20170411_220832,11.42,989.59,49.54
20170411_220902,11.39,989.57,49.61
20170411_220932,11.42,989.63,49.57
20170411_221002,11.36,989.60,49.80
20170411_221032,11.33,989.59,49.67
20170411_221102,11.33,989.57,49.75
20170411_221132,11.32,989.56,49.72
20170411_221202,11.33,989.53,49.84
20170411_221232,11.32,989.58,49.83
20170411_221302,11.28,989.56,50.13
20170411_221332,11.30,989.52,50.46
20170411_221402,11.45,989.55,50.71
20170411_221432,11.44,989.56,50.15
20170411_221502,11.47,989.57,50.29
20170411_221532,11.44,989.57,50.30
20170411_221602,11.43,989.55,50.05
20170411_221632,11.37,989.52,50.40
20170411_221702,11.32,989.54,50.21
20170411_221732,11.28,989.56,50.56
20170411_221803,11.27,989.57,50.28
20170411_221833,11.24,989.59,50.54
20170411_221903,11.20,989.58,50.26
20170411_221933,11.18,989.60,50.53
20170411_222003,11.16,989.56,50.40
20170411_222033,11.15,989.61,50.37
20170411_222103,11.13,989.60,50.25
20170411_222133,11.13,989.64,50.27
20170411_222203,11.11,989.68,50.35
20170411_222233,11.10,989.63,50.21
20170411_222303,11.09,989.70,50.21
20170411_222333,11.09,989.67,50.47
20170411_222403,11.04,989.62,50.66
20170411_222433,11.06,989.64,50.55
20170411_222503,11.05,989.68,50.70
20170411_222533,11.04,989.67,50.97
20170411_222603,11.04,989.64,50.84
20170411_222633,11.02,989.65,51.02
20170411_222703,11.02,989.66,51.13
20170411_222733,11.00,989.64,51.73
20170411_222803,10.97,989.63,51.42
20170411_222833,10.94,989.68,51.54
20170411_222904,10.92,989.64,51.47
20170411_222934,10.93,989.62,52.07
20170411_223004,10.91,989.62,52.12
20170411_223034,10.92,989.70,52.03
20170411_223104,10.90,989.70,52.36
20170411_223134,10.91,989.64,52.08
20170411_223204,10.89,989.72,51.64
20170411_223234,10.88,989.61,51.64
20170411_223304,10.85,989.62,52.26
20170411_223334,10.87,989.61,51.96
20170411_223404,10.84,989.67,52.27
20170411_223434,10.86,989.68,52.33
20170411_223504,10.86,989.66,52.40
20170411_223535,10.87,989.65,52.63
20170411_223605,10.85,989.64,52.46
20170411_223635,10.87,989.66,52.66
20170411_223705,11.02,989.66,53.13
20170411_223735,11.03,989.64,52.87
20170411_223805,10.99,989.59,52.72
20170411_223835,11.00,989.58,52.48
20170411_223905,10.99,989.62,52.38
20170411_223935,10.93,989.57,52.72
20170411_224005,10.96,989.60,52.38
20170411_224035,10.93,989.57,52.85
20170411_224105,10.95,989.60,53.29
20170411_224135,11.01,989.59,52.64
20170411_224205,11.02,989.61,53.02
20170411_224235,11.06,989.60,52.39
20170411_224305,11.05,989.54,53.32
20170411_224335,11.17,989.59,52.92
20170411_224406,11.07,989.64,52.88
20170411_224436,11.01,989.60,53.24
20170411_224506,11.01,989.62,53.47
20170411_224536,11.09,989.62,53.02
20170411_224606,11.12,989.59,53.11
20170411_224636,11.11,989.62,52.93
20170411_224706,11.09,989.63,53.11
20170411_224736,11.05,989.58,52.97
20170411_224806,11.14,989.61,53.05
20170411_224836,11.12,989.60,53.18
20170411_224906,11.06,989.50,53.25
20170411_224936,11.04,989.54,53.22
20170411_225006,11.02,989.49,53.49
20170411_225036,11.03,989.52,53.35
20170411_225106,11.03,989.49,52.93
20170411_225136,11.05,989.48,53.14
20170411_225206,11.06,989.48,53.33
20170411_225236,11.11,989.48,53.24
20170411_225306,11.11,989.50,53.42
20170411_225336,11.03,989.52,53.33
20170411_225406,11.11,989.52,53.14
20170411_225436,11.14,989.46,53.24
20170411_225506,11.12,989.51,53.32
20170411_225537,11.10,989.49,53.01
20170411_225607,11.09,989.49,53.71
20170411_225637,11.10,989.49,53.00
20170411_225707,11.24,989.46,53.11
20170411_225737,11.19,989.45,53.13
20170411_225807,11.16,989.49,53.19
20170411_225837,11.20,989.49,53.05
20170411_225907,11.21,989.43,53.05
20170411_225937,11.13,989.40,52.67
20170411_230007,11.08,989.37,52.73
20170411_230037,11.10,989.41,52.97
20170411_230107,11.05,989.44,53.14
20170411_230137,11.00,989.44,53.60
20170411_230207,11.06,989.41,53.45
20170411_230237,11.01,989.45,53.52
20170411_230307,10.92,989.45,53.80
20170411_230337,11.00,989.50,53.54
20170411_230407,11.00,989.49,53.29
20170411_230437,10.85,989.52,53.70
20170411_230507,10.79,989.46,53.94
20170411_230537,10.78,989.48,53.66
20170411_230607,10.76,989.44,53.95
20170411_230637,10.78,989.52,54.00
20170411_230708,10.74,989.41,53.84
20170411_230738,10.70,989.45,54.08
20170411_230808,10.59,989.47,54.44
20170411_230838,10.56,989.46,54.25
20170411_230908,10.53,989.45,54.72
20170411_230938,10.50,989.50,54.98
20170411_231008,10.47,989.46,54.82
20170411_231038,10.48,989.40,54.98
20170411_231108,10.48,989.43,54.97
20170411_231138,10.40,989.41,55.16
20170411_231208,10.33,989.42,55.43
20170411_231238,10.26,989.49,55.73
20170411_231308,10.25,989.46,55.55
20170411_231338,10.20,989.46,55.78
20170411_231408,10.15,989.50,56.08
20170411_231438,10.13,989.47,56.09
20170411_231508,10.10,989.46,56.16
20170411_231538,10.05,989.47,56.42
20170411_231608,10.07,989.51,56.20
20170411_231638,10.04,989.51,56.51
20170411_231708,10.03,989.45,56.66
20170411_231738,10.05,989.47,56.53
20170411_231809,9.99,989.47,56.66
20170411_231839,9.97,989.46,56.82
20170411_231909,9.98,989.44,56.97
20170411_231939,9.98,989.43,56.84
20170411_232009,10.18,989.41,56.66
20170411_232039,10.12,989.42,56.49
20170411_232109,10.00,989.35,56.80
20170411_232139,9.94,989.38,57.22
20170411_232209,9.96,989.42,57.06
20170411_232239,9.93,989.35,57.19
20170411_232309,9.85,989.41,57.24
20170411_232339,9.86,989.34,57.59
20170411_232409,9.98,989.36,57.29
20170411_232439,9.91,989.40,57.23
20170411_232509,9.83,989.43,57.45
20170411_232539,9.84,989.40,57.74
20170411_232609,9.91,989.45,57.36
20170411_232639,9.88,989.46,56.94
20170411_232709,9.81,989.47,56.70
20170411_232739,9.84,989.44,56.83
20170411_232809,9.89,989.42,56.42
20170411_232839,10.07,989.41,56.40
20170411_232909,10.09,989.39,56.03
20170411_232940,10.05,989.40,55.87
20170411_233010,10.01,989.42,56.04
20170411_233040,9.99,989.44,56.39
20170411_233110,10.07,989.43,56.13
20170411_233140,10.01,989.42,56.14
20170411_233210,9.98,989.43,56.26
20170411_233240,10.00,989.39,56.55
20170411_233310,9.97,989.34,56.32
20170411_233340,9.91,989.42,56.50
20170411_233410,9.88,989.39,56.57
20170411_233440,9.88,989.42,56.76
20170411_233510,9.84,989.39,56.82
20170411_233540,9.82,989.40,56.94
20170411_233610,9.80,989.43,57.00
20170411_233640,9.75,989.41,57.24
20170411_233710,9.72,989.42,57.49
20170411_233740,9.73,989.44,57.44
20170411_233810,9.68,989.42,57.59
20170411_233840,9.66,989.41,57.74
20170411_233910,9.63,989.45,57.88
20170411_233940,9.69,989.44,58.00
20170411_234010,9.61,989.38,58.17
20170411_234041,9.50,989.35,58.46
20170411_234111,9.46,989.40,58.75
20170411_234141,9.43,989.43,58.90
20170411_234211,9.40,989.40,59.07
20170411_234241,9.43,989.34,59.17
20170411_234311,9.44,989.35,59.20
20170411_234341,9.37,989.35,59.30
20170411_234411,9.37,989.35,59.26
20170411_234441,9.36,989.35,59.30
20170411_234511,9.31,989.36,59.62
20170411_234541,9.26,989.35,59.73
20170411_234611,9.23,989.35,59.81
20170411_234641,9.27,989.34,59.79
20170411_234711,9.24,989.37,59.83
20170411_234741,9.16,989.39,60.07
20170411_234811,9.10,989.36,60.30
20170411_234841,9.22,989.35,60.08
20170411_234911,9.29,989.36,59.85
20170411_234941,9.29,989.39,59.77
20170411_235011,9.25,989.34,59.84
20170411_235041,9.26,989.32,59.81
20170411_235111,9.23,989.36,59.84
20170411_235141,9.23,989.38,59.92
20170411_235212,9.34,989.34,59.80
20170411_235242,9.35,989.40,59.83
20170411_235312,9.31,989.34,59.78
20170411_235342,9.25,989.39,59.84
20170411_235412,9.23,989.36,59.98
20170411_235442,9.23,989.38,60.06
20170411_235512,9.22,989.35,60.06
20170411_235542,9.19,989.35,60.26
20170411_235612,9.19,989.37,60.36
20170411_235642,9.20,989.34,60.43
20170411_235712,9.16,989.39,60.54
20170411_235742,9.16,989.36,60.67
20170411_235812,9.17,989.40,60.64
20170411_235842,9.23,989.39,60.59
20170411_235912,9.19,989.35,60.60
20170411_235942,9.19,989.31,60.54
