20170412_000012,9.15,989.30,60.74
20170412_000042,9.15,989.36,60.70
20170412_000112,9.10,989.33,60.81
20170412_000142,9.07,989.29,60.97
20170412_000212,9.10,989.33,61.04
20170412_000242,9.14,989.33,60.90
20170412_000312,9.13,989.34,60.82
20170412_000343,9.12,989.30,60.93
20170412_000413,9.12,989.37,61.02
20170412_000443,9.23,989.34,60.77
20170412_000513,9.23,989.35,60.64
20170412_000543,9.19,989.38,60.80
20170412_000613,9.14,989.31,60.72
20170412_000643,9.18,989.38,60.89
20170412_000713,9.15,989.33,60.85
20170412_000743,9.13,989.33,60.89
20170412_000813,9.10,989.35,60.96
20170412_000843,9.10,989.31,60.89
20170412_000913,9.05,989.35,61.14
20170412_000943,9.07,989.34,61.25
20170412_001013,9.12,989.34,60.92
20170412_001043,9.10,989.33,60.86
20170412_001113,9.06,989.38,60.93
20170412_001143,9.06,989.33,61.01
20170412_001213,9.06,989.36,61.03
20170412_001243,8.96,989.38,61.16
20170412_001313,8.94,989.33,61.22
20170412_001343,8.96,989.33,61.48
20170412_001413,8.98,989.29,61.18
20170412_001444,9.01,989.34,61.25
20170412_001514,8.98,989.35,61.37
20170412_001544,8.93,989.31,61.53
20170412_001614,8.90,989.28,61.68
20170412_001644,8.90,989.31,61.77
20170412_001714,9.02,989.31,61.36
20170412_001744,9.05,989.31,61.05
20170412_001814,8.96,989.35,61.30
20170412_001844,9.03,989.31,61.35
20170412_001914,8.97,989.30,61.39
20170412_001944,8.99,989.29,61.36
20170412_002014,9.00,989.30,61.33
20170412_002044,9.07,989.26,61.43
20170412_002114,9.02,989.27,61.22
20170412_002144,8.97,989.26,61.31
20170412_002214,8.95,989.32,61.48
20170412_002244,8.97,989.28,61.44
20170412_002314,8.96,989.22,61.46
20170412_002344,8.96,989.22,61.58
20170412_002414,9.05,989.30,61.54
20170412_002444,9.03,989.24,61.33
20170412_002514,9.01,989.28,61.60
20170412_002544,9.06,989.26,61.46
20170412_002615,9.13,989.28,61.32
20170412_002645,9.11,989.31,61.39
20170412_002715,9.15,989.32,61.24
20170412_002745,9.08,989.27,61.36
20170412_002815,9.04,989.31,61.52
20170412_002845,8.96,989.30,61.67
20170412_002915,8.89,989.30,62.05
20170412_002945,8.91,989.27,62.01
20170412_003015,8.91,989.25,61.94
20170412_003045,8.94,989.27,61.97
20170412_003115,8.90,989.29,62.06
20170412_003145,8.86,989.22,62.21
20170412_003215,8.83,989.22,62.28
20170412_003245,8.80,989.27,62.32
20170412_003315,8.76,989.21,62.51
20170412_003345,8.73,989.20,62.63
20170412_003415,8.67,989.22,62.81
20170412_003445,8.65,989.21,62.84
20170412_003515,8.62,989.22,62.92
20170412_003545,8.57,989.26,63.06
20170412_003615,8.66,989.21,62.80
20170412_003645,8.69,989.25,62.67
20170412_003715,8.70,989.19,62.75
20170412_003746,8.85,989.23,62.56
20170412_003816,8.94,989.21,62.01
20170412_003846,8.81,989.21,62.17
20170412_003916,8.77,989.24,62.50
20170412_003946,8.69,989.20,62.35
20170412_004016,8.66,989.16,62.84
20170412_004046,8.73,989.21,62.79
20170412_004116,8.71,989.13,62.64
20170412_004146,8.73,989.19,62.69
20170412_004216,8.83,989.20,62.52
20170412_004246,8.87,989.18,62.02
20170412_004316,8.76,989.18,62.28
20170412_004346,8.70,989.15,62.54
20170412_004416,8.64,989.19,62.72
20170412_004446,8.59,989.17,62.96
20170412_004516,8.61,989.19,63.00
20170412_004546,8.59,989.10,63.17
20170412_004616,8.61,989.16,63.09
20170412_004646,8.64,989.15,62.89
20170412_004716,8.69,989.16,62.86
20170412_004746,8.71,989.20,62.79
20170412_004816,8.67,989.14,62.91
20170412_004847,8.66,989.18,63.00
20170412_004917,8.60,989.08,63.14
20170412_004947,8.61,989.12,63.14
20170412_005017,8.63,989.15,63.09
20170412_005047,8.57,989.11,63.25
20170412_005117,8.61,989.19,63.23
20170412_005147,8.56,989.17,63.30
20170412_005217,8.52,989.17,63.58
20170412_005247,8.59,989.22,63.41
20170412_005317,8.54,989.21,63.47
20170412_005347,8.54,989.20,63.41
20170412_005417,8.59,989.13,63.45
20170412_005447,8.64,989.14,63.31
20170412_005517,8.62,989.14,63.36
20170412_005547,8.58,989.19,63.50
20170412_005617,8.56,989.12,63.62
20170412_005647,8.51,989.14,63.65
20170412_005717,8.69,989.15,63.40
20170412_005747,8.71,989.11,63.27
20170412_005817,8.65,989.15,63.39
20170412_005847,8.64,989.15,63.54
20170412_005917,8.69,989.11,63.12
20170412_005947,8.74,989.10,63.24
20170412_010018,8.73,989.06,63.11
20170412_010048,8.69,989.13,63.11
20170412_010118,8.59,989.09,63.40
20170412_010148,8.54,989.05,63.55
20170412_010218,8.54,989.04,63.85
20170412_010248,8.52,989.03,63.85
20170412_010318,8.56,989.00,63.78
20170412_010348,8.64,989.01,63.63
20170412_010418,8.54,988.94,63.62
20170412_010448,8.46,988.98,63.90
20170412_010518,8.46,988.99,64.09
20170412_010548,8.44,989.01,64.20
20170412_010618,8.54,988.96,63.83
20170412_010648,8.61,989.01,63.59
20170412_010718,8.55,988.97,63.69
20170412_010748,8.72,988.97,63.53
20170412_010818,8.86,988.98,63.22
20170412_010848,8.76,988.91,63.04
20170412_010918,8.69,988.92,63.44
20170412_010948,8.67,988.93,63.47
20170412_011018,8.87,988.94,63.12
20170412_011048,8.72,988.87,63.08
20170412_011118,8.65,988.97,63.33
20170412_011149,8.69,988.95,63.64
20170412_011219,8.71,988.94,63.50
20170412_011249,8.65,988.92,63.48
20170412_011319,8.69,988.88,63.46
20170412_011349,8.69,988.91,63.39
20170412_011419,8.65,988.89,63.43
20170412_011449,8.63,988.94,63.50
20170412_011519,8.53,988.89,63.75
20170412_011549,8.47,988.88,63.73
20170412_011619,8.60,988.86,63.87
20170412_011649,8.57,988.86,63.60
20170412_011719,8.59,988.86,63.79
20170412_011749,8.59,988.83,63.75
20170412_011819,8.51,988.85,63.94
20170412_011849,8.53,988.85,64.00
20170412_011919,8.49,988.81,63.98
20170412_011949,8.51,988.85,64.04
20170412_012019,8.60,988.83,63.98
20170412_012049,8.61,988.84,63.70
20170412_012119,8.74,988.82,63.70
20170412_012149,8.80,988.79,63.01
20170412_012219,8.77,988.75,63.16
20170412_012250,8.70,988.79,63.16
20170412_012320,8.64,988.77,63.39
20170412_012350,8.73,988.71,63.27
20170412_012420,8.69,988.76,63.31
20170412_012450,8.64,988.75,63.50
20170412_012520,8.55,988.69,63.62
20170412_012550,8.51,988.71,63.87
20170412_012620,8.47,988.70,64.10
20170412_012650,8.39,988.67,64.31
20170412_012720,8.48,988.66,64.22
20170412_012750,8.60,988.66,64.18
20170412_012820,8.56,988.66,64.14
20170412_012850,8.62,988.65,64.05
20170412_012920,8.57,988.67,64.01
20170412_012950,8.53,988.63,64.29
20170412_013020,8.55,988.68,64.22
20170412_013050,8.44,988.69,64.49
20170412_013120,8.43,988.70,64.59
20170412_013150,8.39,988.67,64.75
20170412_013220,8.27,988.76,65.00
20170412_013250,8.30,988.71,65.17
20170412_013320,8.32,988.73,65.00
20170412_013350,8.21,988.75,65.20
20170412_013421,8.22,988.76,65.37
20170412_013451,8.36,988.81,65.00
20170412_013521,8.24,988.80,65.38
20170412_013551,8.24,988.79,65.31
20170412_013621,8.26,988.78,65.41
20170412_013651,8.34,988.80,65.51
20170412_013721,8.26,988.80,65.45
20170412_013751,8.28,988.80,65.40
20170412_013821,8.20,988.75,65.57
20170412_013851,8.21,988.89,65.82
20170412_013921,8.42,988.74,65.32
20170412_013951,8.49,988.77,65.02
20170412_014021,8.44,988.76,64.86
20170412_014051,8.42,988.82,65.10
20170412_014121,8.32,988.83,65.34
20170412_014151,8.27,988.79,65.34
20170412_014221,8.32,988.84,65.39
20170412_014251,8.21,988.81,65.57
20170412_014321,8.16,988.82,65.43
20170412_014351,8.38,988.91,65.51
20170412_014421,8.47,988.88,65.18
20170412_014451,8.42,988.85,64.77
20170412_014522,8.28,988.94,65.23
20170412_014552,8.37,988.84,65.25
20170412_014622,8.44,988.88,64.85
20170412_014652,8.71,988.87,64.51
20170412_014722,8.85,988.85,63.97
20170412_014752,8.65,988.79,63.88
20170412_014822,8.85,988.84,63.94
20170412_014852,8.71,988.86,63.86
20170412_014922,8.58,988.85,64.31
20170412_014952,8.51,988.81,64.50
20170412_015022,8.39,988.76,64.82
20170412_015052,8.51,988.75,64.75
20170412_015122,8.65,988.84,64.46
20170412_015152,8.52,988.77,64.24
20170412_015222,8.51,988.76,64.22
20170412_015252,8.63,988.80,64.08
20170412_015322,8.58,988.76,64.33
20170412_015352,8.49,988.79,64.41
20170412_015422,8.55,988.76,64.71
20170412_015452,8.74,988.77,64.29
20170412_015522,8.64,988.82,64.25
20170412_015552,8.58,988.75,64.45
20170412_015622,8.52,988.78,64.46
20170412_015653,8.51,988.82,64.61
20170412_015723,8.57,988.83,64.54
20170412_015753,8.78,988.81,64.09
20170412_015823,8.79,988.83,63.87
20170412_015853,8.58,988.84,64.07
20170412_015923,8.45,988.84,64.53
20170412_015953,8.53,988.81,64.56
20170412_020023,8.64,988.78,64.36
20170412_020053,8.60,988.85,64.15
20170412_020123,8.56,988.84,64.40
20170412_020153,8.63,988.86,64.44
20170412_020223,8.58,988.85,64.29
20170412_020253,8.52,988.84,64.54
20170412_020323,8.38,988.79,64.86
20170412_020353,8.41,988.84,65.06
20170412_020423,8.40,988.84,64.98
20170412_020453,8.33,988.84,65.04
20170412_020523,8.45,988.79,64.88
20170412_020553,8.43,988.77,64.87
20170412_020623,8.50,988.80,64.76
20170412_020653,8.48,988.82,64.71
20170412_020723,8.56,988.86,64.62
20170412_020753,8.68,988.83,64.28
20170412_020824,8.75,988.83,64.24
20170412_020854,8.64,988.85,64.09
20170412_020924,8.50,988.82,64.52
20170412_020954,8.43,988.78,64.86
20170412_021024,8.36,988.86,65.04
20170412_021054,8.30,988.83,65.23
20170412_021124,8.24,988.82,65.42
20170412_021154,8.16,988.85,65.65
20170412_021224,8.20,988.82,65.74
20170412_021254,8.22,988.78,65.64
20170412_021324,8.18,988.80,65.71
20170412_021354,8.16,988.82,65.81
20170412_021424,8.10,988.83,66.03
20170412_021454,8.08,988.81,66.03
20170412_021524,8.09,988.82,66.08
20170412_021554,8.05,988.78,66.15
20170412_021624,8.16,988.83,66.12
20170412_021654,8.18,988.82,65.94
20170412_021724,8.29,988.83,65.79
20170412_021754,8.19,988.80,65.71
20170412_021824,8.12,988.83,65.93
20170412_021854,8.11,988.79,66.17
20170412_021924,8.11,988.75,66.02
20170412_021955,8.05,988.73,66.28
20170412_022025,7.98,988.78,66.56
20170412_022055,7.94,988.77,66.70
20170412_022125,7.87,988.75,66.92
20170412_022155,7.84,988.75,66.98
20170412_022225,7.80,988.77,67.12
20170412_022255,7.92,988.76,67.11
20170412_022325,7.99,988.79,66.74
20170412_022355,7.96,988.74,66.94
20170412_022425,7.93,988.76,66.99
20170412_022455,7.94,988.70,66.96
20170412_022525,7.91,988.72,66.91
20170412_022555,8.10,988.70,66.77
20170412_022625,8.17,988.69,66.21
20170412_022655,8.11,988.74,66.28
20170412_022726,8.06,988.72,66.38
20170412_022756,7.96,988.74,66.68
20170412_022826,7.93,988.66,66.93
20170412_022856,8.04,988.71,66.76
20170412_022926,7.98,988.72,66.77
20170412_022956,8.01,988.68,66.86
20170412_023026,8.22,988.70,66.27
20170412_023056,8.19,988.71,66.19
20170412_023126,8.14,988.73,66.21
20170412_023156,8.20,988.70,66.30
20170412_023226,8.30,988.68,65.84
20170412_023256,8.24,988.64,65.85
20170412_023326,8.05,988.67,66.26
20170412_023356,8.12,988.65,66.49
20170412_023426,8.06,988.66,66.52
20170412_023457,8.04,988.66,66.59
20170412_023527,8.02,988.65,66.69
20170412_023557,7.94,988.55,66.93
20170412_023627,7.83,988.61,67.22
20170412_023657,7.78,988.59,67.45
20170412_023727,7.79,988.59,67.50
20170412_023757,7.78,988.61,67.46
20170412_023827,7.74,988.57,67.61
20170412_023857,7.72,988.60,67.76
20170412_023927,7.71,988.60,67.84
20170412_023957,7.74,988.55,67.89
20170412_024027,7.73,988.59,67.84
20170412_024057,7.69,988.58,67.93
20170412_024127,7.84,988.57,68.00
20170412_024157,7.88,988.55,67.55
20170412_024227,8.00,988.54,67.18
20170412_024257,7.98,988.59,67.07
20170412_024327,7.97,988.55,67.21
20170412_024357,8.01,988.61,67.33
20170412_024427,7.90,988.58,67.39
20170412_024457,7.89,988.57,67.45
20170412_024527,7.85,988.54,67.53
20170412_024557,7.82,988.57,67.68
20170412_024628,7.85,988.47,67.62
20170412_024658,7.81,988.50,67.71
20170412_024728,7.88,988.51,67.68
20170412_024758,7.94,988.55,67.44
20170412_024828,7.82,988.49,67.65
20170412_024858,7.85,988.55,67.73
20170412_024928,8.05,988.51,67.27
20170412_024958,8.09,988.46,66.95
20170412_025028,8.04,988.48,67.06
20170412_025058,8.02,988.47,67.03
20170412_025128,7.98,988.46,67.20
20170412_025158,7.96,988.45,67.35
20170412_025228,7.94,988.43,67.26
20170412_025258,7.90,988.44,67.30
20170412_025328,7.89,988.46,67.48
20170412_025358,8.14,988.37,67.02
20170412_025428,8.26,988.41,66.44
20170412_025458,8.27,988.40,66.59
20170412_025528,8.16,988.40,66.66
20170412_025558,8.05,988.39,67.04
20170412_025628,8.04,988.44,67.14
20170412_025658,8.12,988.41,67.13
20170412_025729,8.21,988.37,66.69
20170412_025759,8.24,988.45,66.83
20170412_025829,8.20,988.44,66.67
20170412_025859,8.24,988.39,66.61
20170412_025929,8.33,988.42,66.56
20170412_025959,8.32,988.46,66.25
20170412_030029,8.35,988.43,66.33
20170412_030059,8.25,988.46,66.46
20170412_030129,8.23,988.41,66.73
20170412_030159,8.21,988.39,66.61
20170412_030229,8.35,988.44,66.21
20170412_030259,8.27,988.45,66.43
20170412_030329,8.30,988.43,66.45
20170412_030359,8.16,988.45,66.72
20170412_030429,8.08,988.52,67.00
20170412_030459,8.01,988.47,67.26
20170412_030529,7.93,988.52,67.54
20170412_030559,7.87,988.53,67.84
20170412_030629,7.77,988.54,68.05
20170412_030659,7.78,988.49,68.29
20170412_030729,7.94,988.55,67.84
20170412_030759,7.85,988.50,67.98
20170412_030829,7.86,988.49,67.97
20170412_030900,8.02,988.53,67.58
20170412_030930,7.93,988.53,67.61
20170412_031000,7.81,988.48,68.09
20170412_031030,7.79,988.46,68.23
20170412_031100,7.83,988.46,68.07
20170412_031130,7.78,988.45,68.29
20170412_031200,7.75,988.48,68.38
20170412_031230,7.70,988.46,68.52
20170412_031300,7.86,988.44,68.34
20170412_031330,7.83,988.45,68.20
20170412_031400,7.97,988.48,68.10
20170412_031430,8.04,988.46,67.75
20170412_031500,7.92,988.47,67.83
20170412_031530,7.93,988.43,67.89
20170412_031600,7.84,988.50,68.03
20170412_031630,7.81,988.50,68.25
20170412_031700,7.87,988.51,68.21
20170412_031730,8.06,988.47,67.70
20170412_031800,8.06,988.56,67.72
20170412_031830,8.00,988.49,67.65
20170412_031900,7.90,988.55,67.90
20170412_031930,8.10,988.53,67.79
20170412_032000,7.98,988.49,67.50
20170412_032031,7.80,988.53,68.12
20170412_032101,7.73,988.57,68.38
20170412_032131,7.82,988.55,68.36
20170412_032201,7.80,988.56,68.33
20170412_032231,7.85,988.58,68.38
20170412_032301,7.95,988.63,68.13
20170412_032331,7.88,988.60,68.00
20170412_032401,7.76,988.63,68.26
20170412_032431,7.76,988.68,68.52
20170412_032501,7.72,988.64,68.69
20170412_032531,7.65,988.72,68.77
20170412_032601,7.63,988.66,68.94
20170412_032631,7.57,988.73,68.88
20170412_032701,7.49,988.64,69.23
20170412_032731,7.41,988.70,69.54
20170412_032801,7.57,988.68,69.45
20170412_032831,7.62,988.70,69.06
20170412_032901,7.62,988.66,69.26
20170412_032931,7.50,988.70,69.34
20170412_033001,7.43,988.64,69.52
20170412_033031,7.54,988.68,69.73
20170412_033101,7.58,988.66,69.23
20170412_033131,7.50,988.70,69.45
20170412_033202,7.46,988.67,69.61
20170412_033232,7.45,988.60,69.64
20170412_033302,7.43,988.65,69.71
20170412_033332,7.56,988.58,69.56
20170412_033402,7.60,988.61,69.29
20170412_033432,7.59,988.59,69.37
20170412_033502,7.60,988.62,69.25
20170412_033532,7.59,988.55,69.36
20170412_033602,7.69,988.64,69.25
20170412_033632,7.65,988.55,69.11
20170412_033702,7.60,988.61,69.22
20170412_033732,7.65,988.58,69.07
20170412_033802,7.61,988.53,69.26
20170412_033832,7.57,988.51,69.29
20170412_033902,7.58,988.51,69.39
20170412_033932,7.52,988.55,69.47
20170412_034002,7.52,988.54,69.56
20170412_034032,7.47,988.51,69.70
20170412_034102,7.39,988.53,69.97
20170412_034132,7.37,988.51,70.02
20170412_034202,7.32,988.54,70.24
20170412_034232,7.38,988.50,70.33
20170412_034302,7.46,988.53,70.05
20170412_034333,7.43,988.55,69.89
20170412_034403,7.44,988.52,70.08
20170412_034433,7.43,988.50,70.06
20170412_034503,7.42,988.48,69.99
20170412_034533,7.31,988.50,70.26
20170412_034603,7.24,988.52,70.51
20170412_034633,7.21,988.54,70.71
20170412_034703,7.19,988.56,70.85
20170412_034733,7.19,988.49,70.84
20170412_034803,7.22,988.50,70.88
20170412_034833,7.24,988.55,70.73
20170412_034903,7.24,988.49,70.74
20170412_034933,7.18,988.48,70.95
20170412_035003,7.23,988.49,70.89
20170412_035033,7.24,988.46,71.00
20170412_035103,7.28,988.44,70.57
20170412_035133,7.58,988.41,70.12
20170412_035203,7.48,988.41,69.88
20170412_035233,7.40,988.38,70.23
20170412_035303,7.43,988.44,70.24
20170412_035333,7.38,988.40,70.31
20170412_035403,7.35,988.40,70.53
20170412_035434,7.44,988.40,70.41
20170412_035504,7.55,988.36,70.07
20170412_035534,7.57,988.37,69.92
20170412_035604,7.53,988.35,69.79
20170412_035634,7.45,988.37,69.97
20170412_035704,7.51,988.30,70.05
20170412_035734,7.44,988.36,70.16
20170412_035804,7.43,988.36,70.23
20170412_035834,7.41,988.35,70.31
20170412_035904,7.49,988.39,70.32
20170412_035934,7.52,988.34,69.94
20170412_040004,7.43,988.39,70.18
20170412_040034,7.43,988.39,70.30
20170412_040104,7.47,988.35,70.24
20170412_040134,7.40,988.35,70.46
20170412_040204,7.32,988.38,70.72
20170412_040234,7.30,988.33,70.76
20170412_040304,7.33,988.33,70.64
20170412_040334,7.39,988.39,70.54
20170412_040404,7.49,988.42,70.33
20170412_040434,7.41,988.40,70.41
20170412_040504,7.33,988.40,70.71
20170412_040534,7.42,988.48,70.60
20170412_040605,7.48,988.45,70.41
20170412_040635,7.70,988.43,70.04
20170412_040705,7.63,988.46,69.74
20170412_040735,7.66,988.47,69.89
20170412_040805,7.57,988.47,69.98
20170412_040835,7.61,988.47,70.04
20170412_040905,7.52,988.50,69.96
20170412_040935,7.42,988.45,70.29
20170412_041005,7.43,988.51,70.63
20170412_041035,7.54,988.43,70.26
20170412_041105,7.83,988.42,69.63
20170412_041135,7.73,988.44,69.46
20170412_041205,7.59,988.46,69.82
20170412_041235,7.54,988.46,70.08
20170412_041305,7.54,988.53,70.30
20170412_041335,7.53,988.56,70.19
20170412_041405,7.48,988.54,70.44
20170412_041435,7.43,988.52,70.42
20170412_041505,7.37,988.55,70.72
20170412_041535,7.37,988.50,70.90
20170412_041605,7.54,988.54,70.44
20170412_041635,7.45,988.51,70.63
20170412_041705,7.45,988.54,70.71
20170412_041736,7.42,988.52,70.92
20170412_041806,7.41,988.51,70.76
20170412_041836,7.51,988.54,70.93
20170412_041906,7.66,988.46,70.35
20170412_041936,7.56,988.47,70.35
20170412_042006,7.54,988.51,70.56
20170412_042036,7.68,988.50,70.20
20170412_042106,7.69,988.50,69.99
20170412_042136,7.62,988.52,70.24
20170412_042206,7.66,988.48,70.14
20170412_042236,7.55,988.45,70.35
20170412_042306,7.73,988.45,70.31
20170412_042336,7.65,988.48,70.15
20170412_042406,7.60,988.46,70.22
20170412_042436,7.50,988.51,70.47
20170412_042506,7.47,988.49,70.76
20170412_042536,7.45,988.47,70.68
20170412_042606,7.39,988.46,71.06
20170412_042636,7.39,988.54,71.06
20170412_042706,7.41,988.58,70.99
20170412_042736,7.31,988.49,71.23
20170412_042806,7.32,988.53,71.37
20170412_042836,7.38,988.52,71.23
20170412_042907,7.32,988.57,71.27
20170412_042937,7.33,988.58,71.40
20170412_043007,7.26,988.53,71.50
20170412_043037,7.41,988.57,71.30
20170412_043107,7.39,988.61,71.30
20170412_043137,7.33,988.62,71.31
20170412_043207,7.30,988.65,71.58
20170412_043237,7.48,988.65,71.12
20170412_043307,7.39,988.66,71.07
20170412_043337,7.51,988.69,71.17
20170412_043407,7.50,988.69,70.85
20170412_043437,7.45,988.71,70.96
20170412_043507,7.48,988.78,71.22
20170412_043537,7.61,988.77,71.01
20170412_043607,7.68,988.80,70.49
20170412_043637,7.51,988.76,70.66
20170412_043707,7.56,988.74,70.86
20170412_043737,7.48,988.76,70.85
20170412_043807,7.42,988.76,71.28
20170412_043837,7.68,988.68,70.75
20170412_043907,7.67,988.79,70.57
20170412_043937,7.72,988.73,70.44
20170412_044007,7.92,988.79,69.73
20170412_044038,7.75,988.74,69.99
20170412_044108,7.68,988.76,70.39
20170412_044138,7.61,988.81,70.54
20170412_044208,7.63,988.80,70.44
20170412_044238,7.71,988.75,70.53
20170412_044308,7.64,988.78,70.41
20170412_044338,7.70,988.77,70.40
20170412_044408,7.77,988.79,70.17
20170412_044438,7.87,988.82,70.02
20170412_044508,7.98,988.79,69.61
20170412_044538,7.98,988.82,69.49
20170412_044608,7.96,988.85,69.72
20170412_044638,7.95,988.80,69.62
20170412_044708,7.93,988.81,69.81
20170412_044738,7.94,988.87,69.70
20170412_044808,7.84,988.79,69.89
20170412_044838,7.92,988.87,69.85
20170412_044908,7.90,988.82,69.82
20170412_044938,7.98,988.80,69.50
20170412_045008,7.94,988.77,69.74
20170412_045038,7.84,988.81,69.84
20170412_045108,7.84,988.80,69.97
20170412_045139,8.07,988.79,69.67
20170412_045209,7.99,988.81,69.42
20170412_045239,7.84,988.83,69.98
20170412_045309,7.83,988.84,70.08
20170412_045339,7.77,988.77,70.18
20170412_045409,7.84,988.85,70.16
20170412_045439,7.81,988.82,70.07
20170412_045509,7.70,988.88,70.33
20170412_045539,7.73,988.86,70.44
20170412_045609,7.70,988.87,70.47
20170412_045639,7.74,988.86,70.48
20170412_045709,7.93,988.84,70.35
20170412_045739,7.96,988.86,69.80
20170412_045809,7.98,988.82,69.81
20170412_045839,8.01,988.87,69.65
20170412_045909,7.96,988.83,69.89
20170412_045939,7.99,988.84,69.66
20170412_050009,7.92,988.88,69.76
20170412_050039,7.89,988.83,69.92
20170412_050109,7.77,988.85,70.16
20170412_050139,7.80,988.89,70.27
20170412_050209,7.75,988.89,70.40
20170412_050239,7.72,988.90,70.51
20170412_050310,7.63,988.90,70.77
20170412_050340,7.72,988.91,70.61
20170412_050410,7.88,988.86,70.49
20170412_050440,7.67,988.92,70.68
20170412_050510,7.57,988.85,71.07
20170412_050540,7.56,988.92,71.16
20170412_050610,7.52,988.92,71.32
20170412_050640,7.66,988.85,71.19
20170412_050710,7.71,988.89,70.93
20170412_050740,7.75,988.87,70.78
20170412_050810,7.73,988.97,70.71
20170412_050840,7.83,988.89,70.53
20170412_050910,7.72,988.97,70.65
20170412_050940,7.70,988.86,70.74
20170412_051010,7.72,988.91,70.92
20170412_051040,7.65,988.92,70.99
20170412_051110,7.51,988.89,71.41
20170412_051140,7.47,988.92,71.59
20170412_051210,7.39,988.87,71.79
20170412_051240,7.36,988.91,72.00
20170412_051310,7.35,988.88,72.13
20170412_051340,7.33,988.88,72.21
20170412_051410,7.33,988.84,72.39
20170412_051441,7.37,988.86,72.27
20170412_051511,7.37,988.81,72.20
20170412_051541,7.56,988.86,71.78
20170412_051611,7.47,988.84,71.86
20170412_051641,7.36,988.82,72.14
20170412_051711,7.39,988.82,72.11
20170412_051741,7.38,988.83,72.13
20170412_051811,7.29,988.84,72.42
20170412_051841,7.25,988.91,72.61
20170412_051911,7.19,988.85,72.84
20170412_051941,7.18,988.84,73.09
20170412_052011,7.26,988.87,72.69
20170412_052041,7.19,988.82,72.91
20170412_052111,7.14,988.83,73.03
20170412_052141,7.07,988.83,73.27
20170412_052211,7.09,988.83,73.41
20170412_052241,7.19,988.78,73.16
20170412_052311,7.10,988.83,73.19
20170412_052341,7.15,988.80,73.24
20170412_052411,7.09,988.79,73.28
20170412_052441,7.21,988.82,73.24
20170412_052511,7.35,988.74,72.71
20170412_052541,7.26,988.76,72.63
20170412_052612,7.34,988.78,72.72
20170412_052642,7.28,988.81,72.62
20170412_052712,7.36,988.77,72.49
20170412_052742,7.39,988.80,72.34
20170412_052812,7.49,988.81,72.27
20170412_052842,7.53,988.78,71.91
20170412_052912,7.71,988.77,71.46
20170412_052942,7.80,988.77,71.21
20170412_053012,7.84,988.74,70.83
20170412_053042,7.82,988.76,71.02
20170412_053112,7.67,988.82,71.22
20170412_053142,7.62,988.84,71.45
20170412_053212,7.64,988.82,71.34
20170412_053242,7.70,988.81,71.31
20170412_053312,7.56,988.88,71.50
20170412_053342,7.41,988.87,72.09
20170412_053412,7.32,988.86,72.35
20170412_053442,7.26,988.87,72.53
20170412_053512,7.18,988.84,72.91
20170412_053542,7.15,988.90,73.08
20170412_053612,7.12,988.91,73.20
20170412_053642,7.23,988.89,73.03
20170412_053712,7.24,988.88,72.93
20170412_053743,7.29,988.89,72.97
20170412_053813,7.25,988.92,72.68
20170412_053843,7.18,988.89,72.98
20170412_053913,7.17,988.97,73.16
20170412_053943,7.21,988.94,73.02
20170412_054013,7.14,988.95,73.00
20170412_054043,7.09,988.95,73.34
20170412_054113,7.26,988.89,73.09
20170412_054143,7.35,988.90,72.56
20170412_054213,7.35,988.89,72.45
20170412_054243,7.30,988.99,72.68
20170412_054313,7.51,988.92,71.99
20170412_054343,7.37,988.88,72.35
20170412_054413,7.29,988.87,72.56
20170412_054443,7.18,988.89,72.97
20170412_054513,7.15,988.89,73.11
20170412_054543,7.27,988.91,72.96
20170412_054613,7.26,988.88,72.89
20170412_054643,7.15,988.83,73.12
20170412_054713,7.08,988.84,73.38
20170412_054743,7.04,988.90,73.41
20170412_054813,7.00,988.90,73.71
20170412_054844,7.05,988.85,73.68
20170412_054914,7.15,988.90,73.48
20170412_054944,7.27,988.92,73.10
20170412_055014,7.22,988.87,73.04
20170412_055044,7.17,988.86,73.27
20170412_055114,7.28,988.88,73.03
20170412_055144,7.23,988.89,73.05
20170412_055214,7.19,988.88,73.19
20170412_055244,7.36,988.88,72.89
20170412_055314,7.26,988.89,73.03
20170412_055344,7.21,988.88,72.95
20170412_055414,7.10,988.88,73.37
20170412_055444,7.13,988.82,73.34
20170412_055514,7.04,988.85,73.61
20170412_055544,7.08,988.83,73.79
20170412_055614,7.00,988.83,73.80
20170412_055644,7.07,988.87,73.85
20170412_055714,7.01,988.88,73.78
20170412_055744,6.96,988.84,74.23
20170412_055814,7.17,988.88,73.72
20170412_055844,7.12,988.87,73.65
20170412_055914,7.07,988.87,73.80
20170412_055944,7.08,988.90,73.86
20170412_060015,7.01,988.97,74.03
20170412_060045,6.95,988.96,74.13
20170412_060115,7.16,988.98,73.92
20170412_060145,7.13,988.95,73.65
20170412_060215,7.02,988.95,73.90
20170412_060245,7.04,988.99,73.99
20170412_060315,7.04,988.95,73.95
20170412_060345,7.01,988.98,74.01
20170412_060415,7.02,989.00,74.08
20170412_060445,7.06,988.98,73.96
20170412_060515,7.04,988.95,73.89
20170412_060545,7.02,988.98,74.04
20170412_060615,7.18,989.03,73.91
20170412_060645,7.22,988.98,73.62
20170412_060715,7.23,988.99,73.54
20170412_060745,7.28,989.01,73.40
20170412_060815,7.46,988.97,73.12
20170412_060845,7.39,988.98,72.88
20170412_060915,7.28,988.96,73.15
20170412_060945,7.27,988.94,73.33
20170412_061015,7.34,988.99,73.41
20170412_061045,7.45,988.97,72.92
20170412_061115,7.41,988.97,72.92
20170412_061146,7.33,988.98,73.07
20170412_061216,7.31,989.02,73.21
20170412_061246,7.32,989.03,73.24
20170412_061316,7.38,989.04,73.26
20170412_061346,7.27,989.02,73.18
20170412_061416,7.50,989.07,73.18
20170412_061446,7.42,989.11,72.94
20170412_061516,7.43,989.09,72.94
20170412_061546,7.37,989.06,72.90
20170412_061616,7.30,989.07,73.23
20170412_061646,7.36,989.11,73.27
20170412_061716,7.62,989.12,72.74
20170412_061746,7.63,989.14,72.36
20170412_061816,7.64,989.14,72.25
20170412_061846,7.56,989.09,72.38
20170412_061916,7.49,989.10,72.57
20170412_061946,7.49,989.11,72.56
20170412_062016,7.70,989.16,72.28
20170412_062047,7.73,989.14,72.10
20170412_062117,7.68,989.17,72.05
20170412_062147,7.54,989.13,72.22
20170412_062217,7.85,989.18,71.93
20170412_062247,7.81,989.18,71.70
20170412_062317,7.90,989.19,71.53
20170412_062347,7.94,989.20,71.32
20170412_062417,7.96,989.17,71.02
20170412_062447,7.76,989.23,71.52
20170412_062517,8.04,989.14,71.28
20170412_062548,8.12,989.11,70.62
20170412_062618,8.07,989.17,70.84
20170412_062648,8.10,989.22,70.66
20170412_062718,8.04,989.15,70.52
20170412_062748,8.15,989.21,70.78
20170412_062818,8.20,989.16,70.47
20170412_062848,8.18,989.20,70.25
20170412_062918,8.09,989.18,70.35
20170412_062948,8.20,989.17,70.41
20170412_063018,8.45,989.17,69.70
20170412_063048,8.50,989.24,69.25
20170412_063118,8.37,989.25,69.46
20170412_063148,8.30,989.19,69.70
20170412_063218,8.40,989.21,69.59
20170412_063248,8.36,989.19,69.40
20170412_063318,8.13,989.21,69.87
20170412_063348,8.15,989.18,70.43
20170412_063418,8.31,989.23,69.83
20170412_063448,8.28,989.24,69.85
20170412_063518,8.48,989.24,69.37
20170412_063548,8.55,989.23,69.19
20170412_063618,8.48,989.23,69.23
20170412_063649,8.69,989.21,68.67
20170412_063719,8.67,989.26,68.61
20170412_063749,8.63,989.23,68.82
20170412_063819,8.61,989.25,68.92
20170412_063849,8.64,989.35,68.87
20170412_063919,8.77,989.29,68.52
20170412_063949,8.86,989.28,68.26
20170412_064019,8.91,989.31,68.25
20170412_064049,9.02,989.27,67.65
20170412_064119,8.98,989.28,67.90
20170412_064149,8.99,989.27,67.58
20170412_064219,9.15,989.35,67.44
20170412_064249,9.11,989.30,67.17
20170412_064319,9.00,989.31,67.48
20170412_064349,8.91,989.32,67.54
20170412_064419,9.06,989.32,67.51
20170412_064449,9.07,989.35,67.47
20170412_064519,9.27,989.37,66.84
20170412_064549,9.25,989.37,66.90
20170412_064619,9.40,989.35,66.60
20170412_064649,9.37,989.35,66.40
20170412_064719,9.27,989.34,66.61
20170412_064749,9.37,989.33,66.44
20170412_064820,9.23,989.44,66.63
20170412_064850,9.23,989.43,66.76
20170412_064920,9.37,989.42,66.57
20170412_064950,9.53,989.45,66.04
20170412_065020,9.53,989.47,65.92
20170412_065050,9.54,989.43,65.97
20170412_065120,9.62,989.48,65.82
20170412_065150,9.76,989.53,65.40
20170412_065220,9.91,989.54,64.97
20170412_065250,9.72,989.50,65.32
20170412_065320,9.55,989.48,65.73
20170412_065350,9.62,989.57,65.82
20170412_065420,9.81,989.60,65.14
20170412_065450,9.75,989.57,65.08
20170412_065520,9.56,989.63,65.52
20170412_065550,9.88,989.62,65.27
20170412_065620,10.00,989.60,64.74
20170412_065650,10.04,989.65,64.43
20170412_065720,10.07,989.58,64.43
20170412_065750,10.09,989.62,64.29
20170412_065820,10.01,989.57,64.49
20170412_065850,10.15,989.60,64.18
20170412_065921,10.14,989.62,64.21
20170412_065951,10.23,989.65,64.08
20170412_070021,10.29,989.59,63.87
20170412_070051,10.24,989.59,63.84
20170412_070121,10.13,989.64,63.97
20170412_070151,10.10,989.64,64.33
20170412_070221,10.27,989.63,63.89
20170412_070251,10.33,989.61,63.71
20170412_070321,10.29,989.62,63.60
20170412_070351,10.34,989.66,63.64
20170412_070421,10.32,989.73,63.65
20170412_070451,10.45,989.70,63.46
20170412_070521,10.50,989.73,63.08
20170412_070551,10.51,989.70,63.13
20170412_070621,10.47,989.76,63.32
20170412_070651,10.32,989.73,63.50
20170412_070721,10.33,989.75,63.76
20170412_070751,10.44,989.70,63.50
20170412_070821,10.45,989.70,63.45
20170412_070851,10.25,989.72,63.74
20170412_070921,10.44,989.76,63.37
20170412_070951,10.25,989.74,63.64
20170412_071021,10.43,989.77,63.59
20170412_071052,10.70,989.75,62.92
20170412_071122,10.84,989.74,62.57
20170412_071152,10.86,989.76,62.33
20170412_071222,10.82,989.76,62.36
20170412_071252,10.88,989.78,62.26
20170412_071322,10.69,989.76,62.22
20170412_071352,10.67,989.83,62.56
20170412_071422,10.77,989.83,62.70
20170412_071452,10.82,989.86,62.38
20170412_071522,10.85,989.87,62.36
20170412_071552,10.93,989.83,62.25
20170412_071622,10.94,989.85,62.34
20170412_071652,11.11,989.84,61.82
20170412_071722,11.04,989.81,61.82
20170412_071752,11.13,989.85,61.99
20170412_071822,11.12,989.83,61.72
20170412_071852,10.95,989.89,62.15
20170412_071922,10.95,989.89,62.23
20170412_071952,11.11,989.86,61.87
20170412_072022,11.07,989.93,62.07
20170412_072052,11.20,989.89,61.83
20170412_072122,11.32,989.92,61.58
20170412_072153,11.45,989.91,61.25
20170412_072223,11.24,989.91,61.33
20170412_072253,11.32,989.93,61.36
20170412_072323,11.21,989.90,61.38
20170412_072353,11.23,989.90,61.60
20170412_072423,11.21,989.87,61.86
20170412_072453,11.43,989.90,61.54
20170412_072523,11.52,989.90,61.42
20170412_072553,11.72,989.93,60.91
20170412_072623,11.66,989.89,60.79
20170412_072653,11.52,989.95,61.37
20170412_072723,11.55,989.98,61.43
20170412_072753,11.70,989.90,60.89
20170412_072823,11.88,989.93,60.66
20170412_072853,12.16,989.94,60.12
20170412_072923,12.09,989.97,59.95
20170412_072953,12.16,989.94,60.06
20170412_073023,12.15,989.91,59.98
20170412_073053,11.74,989.88,61.12
20170412_073123,11.87,989.90,60.69
20170412_073153,12.12,989.96,60.20
20170412_073223,11.97,989.88,59.74
20170412_073254,11.94,989.90,60.57
20170412_073324,12.18,989.92,60.18
20170412_073354,12.34,989.89,59.75
20170412_073424,12.21,989.90,59.97
20170412_073454,12.05,989.86,60.45
20170412_073524,12.05,989.85,60.42
20170412_073554,12.22,989.88,60.42
20170412_073624,12.34,989.89,59.91
20170412_073654,12.20,989.82,60.32
20170412_073724,11.86,989.79,60.70
20170412_073754,12.08,989.78,60.60
20170412_073824,12.15,989.76,60.51
20170412_073854,11.84,989.72,60.75
20170412_073924,12.02,989.79,60.81
20170412_073954,11.89,989.76,61.04
20170412_074024,12.13,989.85,60.59
20170412_074054,12.29,989.78,60.23
20170412_074124,12.24,989.77,60.31
20170412_074154,12.15,989.76,60.55
20170412_074224,12.10,989.76,60.73
20170412_074254,11.99,989.75,60.83
20170412_074324,12.16,989.78,60.88
20170412_074355,12.25,989.75,60.58
20170412_074425,12.34,989.72,60.32
20170412_074455,12.44,989.77,60.14
20170412_074525,12.61,989.76,59.60
20170412_074555,12.56,989.73,59.87
20170412_074625,12.68,989.73,59.48
20170412_074655,12.79,989.72,59.29
20170412_074725,12.98,989.74,58.96
20170412_074755,13.20,989.74,58.63
20170412_074825,12.94,989.72,58.61
20170412_074855,13.07,989.64,58.87
20170412_074925,12.61,989.76,59.43
20170412_074955,12.39,989.74,60.42
20170412_075025,12.53,989.76,60.42
20170412_075055,12.52,989.75,60.31
20170412_075125,12.61,989.71,60.20
20170412_075155,12.53,989.69,60.21
20170412_075225,12.59,989.69,60.07
20170412_075255,12.58,989.61,60.27
20170412_075325,12.63,989.66,60.28
20170412_075355,12.68,989.67,59.97
20170412_075425,12.17,989.70,61.12
20170412_075456,12.44,989.72,61.17
20170412_075526,12.66,989.74,60.43
20170412_075556,12.73,989.68,60.58
20170412_075626,12.82,989.68,59.77
20170412_075656,13.05,989.64,59.59
20170412_075726,13.04,989.60,59.41
20170412_075756,13.04,989.57,59.53
20170412_075826,12.98,989.58,59.52
20170412_075856,12.57,989.57,60.56
20170412_075926,12.76,989.57,60.27
20170412_075956,12.81,989.57,60.29
20170412_080026,13.00,989.56,59.98
20170412_080056,12.84,989.59,60.08
20170412_080126,12.89,989.55,60.19
20170412_080156,12.71,989.52,60.44
20170412_080226,12.75,989.52,60.67
20170412_080256,12.73,989.52,60.63
20170412_080326,12.75,989.52,60.50
20170412_080356,12.71,989.52,60.46
20170412_080426,12.70,989.52,60.75
20170412_080456,12.94,989.52,60.29
20170412_080526,13.14,989.50,59.78
20170412_080557,13.16,989.53,59.61
20170412_080627,12.85,989.46,60.04
20170412_080657,13.02,989.50,60.02
20170412_080727,12.81,989.42,60.25
20170412_080757,12.57,989.47,60.73
20170412_080827,12.58,989.45,61.08
20170412_080857,12.54,989.48,61.13
20170412_080927,12.70,989.47,61.08
20170412_080957,12.98,989.50,60.38
20170412_081027,13.21,989.48,59.52
20170412_081057,13.26,989.46,59.53
20170412_081127,13.32,989.55,59.56
20170412_081157,13.25,989.48,59.47
20170412_081227,13.00,989.41,59.86
20170412_081257,12.99,989.37,60.14
20170412_081327,13.03,989.41,60.47
20170412_081357,12.93,989.43,60.51
20170412_081427,13.26,989.48,59.92
20170412_081457,13.32,989.50,59.83
20170412_081527,13.40,989.46,59.44
20170412_081557,13.38,989.46,59.60
20170412_081627,13.03,989.37,60.04
20170412_081658,13.02,989.41,60.34
20170412_081728,13.07,989.38,60.33
20170412_081758,13.26,989.40,59.81
20170412_081828,13.49,989.35,59.39
20170412_081858,13.22,989.39,59.70
20170412_081928,13.52,989.37,59.37
20170412_081958,13.54,989.39,59.12
20170412_082028,13.52,989.38,59.17
20170412_082058,13.64,989.39,59.05
20170412_082128,13.63,989.34,58.73
20170412_082158,13.70,989.34,58.85
20170412_082228,13.56,989.37,59.09
20170412_082258,13.90,989.37,58.51
20170412_082328,14.06,989.35,57.99
20170412_082358,14.08,989.35,57.94
20170412_082428,13.81,989.32,58.05
20170412_082458,14.09,989.33,58.10
20170412_082528,13.97,989.30,57.76
20170412_082558,13.70,989.31,58.46
20170412_082628,13.76,989.31,58.50
20170412_082658,13.74,989.30,58.28
20170412_082729,13.58,989.29,58.84
20170412_082759,13.86,989.28,58.42
20170412_082829,13.99,989.30,57.80
20170412_082859,13.91,989.29,58.07
20170412_082929,13.77,989.23,58.54
20170412_082959,13.99,989.30,57.98
20170412_083029,13.80,989.32,58.20
20170412_083059,13.84,989.27,58.26
20170412_083129,13.90,989.24,58.27
20170412_083159,14.08,989.29,57.95
20170412_083229,14.03,989.29,58.03
20170412_083259,14.03,989.26,58.05
20170412_083329,13.91,989.26,58.27
20170412_083359,14.18,989.23,57.83
20170412_083429,14.18,989.26,57.79
20170412_083459,14.32,989.24,57.50
20170412_083529,14.42,989.25,57.13
20170412_083559,14.42,989.19,56.93
20170412_083629,13.71,989.26,58.61
20170412_083659,13.84,989.31,58.52
20170412_083729,14.07,989.34,58.11
20170412_083759,14.01,989.24,58.13
20170412_083830,14.35,989.22,57.70
20170412_083900,14.58,989.21,57.05
20170412_083930,14.75,989.22,56.56
20170412_084000,14.79,989.19,56.69
20170412_084030,14.53,989.17,56.71
20170412_084100,14.27,989.17,57.17
20170412_084130,14.41,989.11,57.16
20170412_084200,14.57,989.16,56.84
20170412_084230,13.91,989.21,58.25
20170412_084300,14.24,989.18,57.87
20170412_084330,14.56,989.15,57.20
20170412_084400,14.51,989.18,57.01
20170412_084430,14.78,989.17,56.66
20170412_084500,14.90,989.15,56.33
20170412_084530,14.82,989.14,56.44
20170412_084600,14.85,989.11,56.47
20170412_084630,15.02,989.16,55.91
20170412_084700,14.83,989.15,55.90
20170412_084730,14.92,989.20,56.11
20170412_084800,15.32,989.20,55.40
20170412_084830,15.25,989.18,55.55
20170412_084900,15.38,989.20,55.23
20170412_084931,15.26,989.21,55.27
20170412_085001,15.20,989.24,55.53
20170412_085031,15.49,989.16,54.96
20170412_085101,15.81,989.22,54.39
20170412_085131,15.88,989.23,54.09
20170412_085201,16.09,989.27,53.53
20170412_085231,15.04,989.22,55.20
20170412_085301,15.25,989.26,55.34
20170412_085331,15.07,989.24,55.73
20170412_085401,15.31,989.27,55.28
20170412_085431,15.16,989.31,55.59
20170412_085501,15.32,989.29,55.24
20170412_085531,15.63,989.33,54.90
20170412_085601,15.30,989.25,54.97
20170412_085631,15.43,989.29,55.34
20170412_085701,15.72,989.31,54.83
20170412_085731,15.63,989.32,54.89
20170412_085801,15.96,989.32,54.36
20170412_085831,15.99,989.25,54.05
20170412_085901,15.98,989.29,54.15
20170412_085931,16.03,989.31,53.82
20170412_090002,16.03,989.37,53.90
20170412_090032,15.73,989.25,54.47
20170412_090102,15.51,989.29,55.11
20170412_090132,16.16,989.26,53.98
20170412_090202,16.20,989.30,53.88
20170412_090232,15.84,989.27,54.32
20170412_090302,16.15,989.31,53.82
20170412_090332,16.17,989.28,53.91
20170412_090402,16.18,989.28,53.90
20170412_090432,16.05,989.32,53.96
20170412_090502,16.21,989.36,54.24
20170412_090532,16.56,989.29,53.24
20170412_090602,16.28,989.27,53.71
20170412_090632,16.36,989.30,53.68
20170412_090702,16.31,989.28,53.76
20170412_090732,15.95,989.34,54.43
20170412_090802,16.46,989.28,53.65
20170412_090832,16.85,989.33,52.93
20170412_090902,16.82,989.22,52.54
20170412_090932,16.69,989.28,52.97
20170412_091002,16.23,989.26,54.04
20170412_091032,16.54,989.29,53.52
20170412_091103,16.78,989.24,52.76
20170412_091133,16.49,989.21,53.46
20170412_091203,16.46,989.17,53.33
20170412_091233,16.65,989.24,53.37
20170412_091303,16.79,989.18,53.09
20170412_091333,16.53,989.24,53.57
20170412_091403,16.78,989.17,53.13
20170412_091433,16.84,989.15,52.79
20170412_091503,16.77,989.13,53.09
20170412_091533,16.89,989.17,52.87
20170412_091603,16.64,989.14,53.13
20170412_091633,16.25,989.15,54.26
20170412_091703,16.29,989.15,54.29
20170412_091733,16.51,989.18,53.81
20170412_091803,16.71,989.19,53.19
20170412_091833,16.88,989.20,53.08
20170412_091903,17.01,989.19,52.88
20170412_091933,17.05,989.22,52.88
20170412_092003,17.16,989.20,52.63
20170412_092033,17.18,989.19,52.51
20170412_092103,17.63,989.23,51.78
20170412_092134,17.30,989.21,51.98
20170412_092204,17.69,989.26,51.49
20170412_092234,17.65,989.26,51.42
20170412_092304,17.50,989.25,51.55
20170412_092334,17.71,989.30,51.57
20170412_092404,17.92,989.25,51.17
20170412_092434,18.11,989.29,50.74
20170412_092504,18.14,989.30,50.47
20170412_092534,18.19,989.23,50.32
20170412_092604,18.42,989.28,50.07
20170412_092634,18.66,989.27,49.57
20170412_092704,18.57,989.22,49.71
20170412_092734,18.83,989.25,49.49
20170412_092804,18.76,989.22,49.29
20170412_092834,18.37,989.25,49.81
20170412_092904,17.92,989.27,50.39
20170412_092934,17.70,989.27,51.28
20170412_093004,17.51,989.22,51.72
20170412_093034,18.01,989.27,51.01
20170412_093104,18.32,989.29,50.47
20170412_093134,18.52,989.24,50.19
20170412_093205,18.19,989.29,50.00
20170412_093235,18.21,989.35,50.55
20170412_093305,18.24,989.23,50.23
20170412_093335,18.44,989.22,50.04
20170412_093405,18.14,989.24,49.09
20170412_093435,18.39,989.17,48.85
20170412_093505,18.27,989.19,48.69
20170412_093535,18.72,989.24,48.76
20170412_093605,18.87,989.26,48.80
20170412_093635,19.13,989.24,48.27
20170412_093705,19.23,989.26,48.19
20170412_093735,19.44,989.29,48.03
20170412_093805,19.35,989.22,47.08
20170412_093835,19.11,989.20,47.82
20170412_093905,19.17,989.21,47.19
20170412_093935,18.94,989.24,47.29
20170412_094005,19.02,989.23,47.52
20170412_094035,19.09,989.16,46.88
20170412_094105,19.14,989.23,46.90
20170412_094135,18.99,989.20,47.34
20170412_094205,19.12,989.21,47.04
20170412_094236,18.93,989.19,47.08
20170412_094306,18.90,989.19,47.41
20170412_094336,18.93,989.18,47.26
20170412_094406,18.66,989.25,47.64
20170412_094436,18.61,989.18,48.21
20170412_094506,18.68,989.20,47.59
20170412_094536,18.89,989.17,47.66
20170412_094606,18.71,989.03,47.59
20170412_094636,18.82,989.17,47.94
20170412_094706,19.00,989.27,47.50
20170412_094736,19.47,989.21,46.49
20170412_094806,19.31,989.26,46.39
20170412_094836,19.39,989.17,46.53
20170412_094906,19.76,989.19,45.99
20170412_094936,19.33,989.21,46.43
20170412_095006,19.43,989.17,46.43
20170412_095036,19.75,989.19,45.99
20170412_095106,19.54,989.19,46.18
20170412_095136,19.66,989.25,45.94
20170412_095206,19.96,989.21,45.56
20170412_095236,19.96,989.21,45.38
20170412_095307,20.07,989.22,45.25
20170412_095337,19.75,989.14,45.65
20170412_095407,19.20,989.17,46.54
20170412_095437,19.23,989.20,46.63
20170412_095507,19.54,989.12,46.51
20170412_095537,19.83,989.10,45.83
20170412_095607,19.41,989.16,45.86
20170412_095637,19.55,989.13,46.38
20170412_095707,19.54,989.12,46.26
20170412_095737,19.54,989.08,46.26
20170412_095807,19.10,989.10,46.53
20170412_095837,19.33,989.14,46.33
20170412_095907,19.47,989.07,46.29
20170412_095937,19.34,989.02,46.25
20170412_100007,19.39,989.06,46.47
20170412_100037,19.70,989.11,46.12
20170412_100107,19.84,989.09,45.67
20170412_100137,19.74,989.09,46.17
20170412_100207,19.34,989.04,46.59
20170412_100237,19.47,989.08,46.35
20170412_100307,19.70,989.10,46.08
20170412_100338,19.92,989.09,45.77
20170412_100408,20.04,989.07,45.84
20170412_100438,20.26,989.08,45.39
20170412_100508,20.50,989.12,44.83
20170412_100538,20.59,989.06,44.49
20170412_100608,20.63,989.03,44.65
20170412_100638,21.04,989.04,44.22
20170412_100708,21.06,989.07,43.74
20170412_100738,21.25,989.15,43.76
20170412_100808,20.82,989.03,44.42
20170412_100838,21.07,989.02,44.14
20170412_100908,20.22,989.04,44.98
20170412_100938,20.24,989.05,45.28
20170412_101008,20.11,989.07,45.13
20170412_101039,19.86,989.01,45.40
20170412_101109,19.85,989.02,45.62
20170412_101139,19.98,989.09,46.10
20170412_101209,20.34,989.07,45.36
20170412_101239,20.44,989.07,45.07
20170412_101309,20.26,989.00,45.39
20170412_101339,19.86,989.02,46.00
20170412_101409,20.41,989.03,45.38
20170412_101439,20.72,989.08,44.77
20170412_101509,20.60,989.08,44.85
20170412_101539,20.42,989.03,44.84
20170412_101610,20.13,989.05,45.35
20170412_101640,20.20,989.07,45.57
20170412_101710,20.49,989.06,45.03
20170412_101740,20.18,988.99,45.21
20170412_101810,20.30,989.04,45.49
20170412_101840,20.46,989.02,45.23
20170412_101910,20.02,989.12,45.86
20170412_101940,20.44,989.06,45.24
20170412_102010,20.39,989.05,45.38
20170412_102040,20.51,989.06,45.23
20170412_102110,19.85,989.03,45.95
20170412_102140,20.47,989.06,45.67
20170412_102210,20.60,989.02,45.09
20170412_102240,20.76,989.02,45.03
20170412_102310,21.20,989.09,44.29
20170412_102340,20.94,988.86,44.04
20170412_102410,20.87,988.99,44.73
20170412_102440,21.15,989.02,44.28
20170412_102510,21.22,989.08,43.66
20170412_102540,21.26,989.02,44.06
20170412_102611,21.62,989.07,43.38
20170412_102641,22.08,989.08,42.80
20170412_102711,21.29,989.05,43.58
20170412_102741,21.23,989.09,43.40
20170412_102811,20.96,988.95,44.16
20170412_102841,20.86,988.96,44.60
20170412_102911,20.74,988.99,44.56
20170412_102941,20.95,988.94,44.71
20170412_103011,21.24,989.09,44.20
20170412_103041,20.71,988.99,44.79
20170412_103111,20.92,988.99,44.52
20170412_103141,21.13,989.04,44.49
20170412_103211,21.11,989.05,44.71
20170412_103241,21.13,989.04,43.70
20170412_103311,21.03,988.98,43.99
20170412_103341,20.82,988.99,44.98
20170412_103411,21.19,989.05,44.15
20170412_103441,21.07,989.04,44.28
20170412_103511,21.37,989.06,44.10
20170412_103541,21.34,989.07,44.01
20170412_103611,21.46,989.02,43.90
20170412_103642,21.57,989.01,43.62
20170412_103712,21.91,989.05,43.04
20170412_103742,21.93,989.04,42.93
20170412_103812,21.69,989.00,43.17
20170412_103842,22.05,989.01,42.79
20170412_103912,22.37,989.03,42.45
20170412_103942,21.95,989.00,42.41
20170412_104012,22.01,989.01,42.95
20170412_104042,21.47,989.05,43.61
20170412_104112,21.61,989.01,43.57
20170412_104142,21.52,989.08,43.75
20170412_104212,21.98,989.03,43.18
20170412_104242,22.14,989.04,42.74
20170412_104312,22.19,989.00,42.69
20170412_104342,22.14,989.03,42.59
20170412_104412,22.25,989.00,42.60
20170412_104442,22.19,989.07,42.73
20170412_104512,22.21,988.94,42.98
20170412_104542,22.32,988.88,42.54
20170412_104612,21.95,989.00,42.59
20170412_104642,21.76,988.91,43.12
20170412_104713,21.77,989.01,43.13
20170412_104743,22.13,988.99,42.68
20170412_104813,21.85,988.93,42.89
20170412_104843,21.50,988.90,44.05
20170412_104913,21.39,988.89,43.70
20170412_104943,21.05,988.87,44.37
20170412_105013,20.86,988.90,44.75
20170412_105043,21.04,988.92,44.12
20170412_105113,21.43,988.95,43.73
20170412_105143,21.44,988.90,43.80
20170412_105213,21.19,988.87,44.10
20170412_105243,20.97,988.90,44.58
20170412_105313,21.00,988.87,44.72
20170412_105343,21.03,988.89,44.69
20170412_105413,20.90,988.84,44.64
20170412_105443,20.88,988.84,44.82
20170412_105513,20.85,988.81,44.88
20170412_105543,20.88,988.85,45.06
20170412_105613,21.34,988.89,44.70
20170412_105643,21.43,988.90,44.09
20170412_105714,21.32,988.92,44.50
20170412_105744,21.39,988.82,43.92
20170412_105814,21.26,988.87,44.21
20170412_105844,20.76,988.77,45.17
20170412_105914,20.68,988.86,45.47
20170412_105944,20.52,988.85,45.64
20170412_110014,20.42,988.74,46.20
20170412_110044,20.61,988.78,44.97
20170412_110114,20.79,988.81,44.52
20170412_110144,20.82,988.77,44.50
20170412_110214,20.95,988.82,44.44
20170412_110244,21.11,988.75,43.75
20170412_110314,21.08,988.85,44.42
20170412_110344,21.03,988.78,43.87
20170412_110414,21.12,988.70,43.87
20170412_110444,21.18,988.94,43.67
20170412_110514,21.23,988.61,43.69
20170412_110544,20.91,988.86,43.59
20170412_110614,20.71,988.71,44.68
20170412_110644,20.78,988.82,44.30
20170412_110714,20.80,988.78,44.62
20170412_110745,20.63,988.80,43.75
20170412_110815,20.38,988.84,44.13
20170412_110845,20.54,988.90,44.26
20170412_110915,20.72,988.82,44.07
20170412_110945,20.71,988.82,43.85
20170412_111015,20.76,988.75,44.45
20170412_111045,20.79,988.84,44.30
20170412_111115,21.04,988.79,43.63
20170412_111145,20.69,988.71,43.77
20170412_111215,20.88,988.85,44.47
20170412_111245,21.34,988.87,43.71
20170412_111315,21.31,988.83,42.81
20170412_111345,21.53,988.84,43.18
20170412_111415,21.54,988.86,42.60
20170412_111445,21.62,988.87,42.71
20170412_111515,21.80,988.86,42.48
20170412_111545,21.73,988.83,41.98
20170412_111615,21.63,988.81,41.86
20170412_111645,21.35,988.78,42.13
20170412_111715,21.40,988.85,42.24
20170412_111745,21.34,988.74,42.26
20170412_111816,21.30,988.78,42.51
20170412_111846,21.26,988.83,42.64
20170412_111916,21.01,988.78,43.05
20170412_111946,20.76,988.79,43.50
20170412_112016,21.16,988.80,43.50
20170412_112046,21.47,988.90,42.56
20170412_112116,21.38,988.93,42.86
20170412_112146,21.25,988.82,42.35
20170412_112216,21.37,988.92,42.38
20170412_112246,21.14,988.84,42.54
20170412_112316,20.93,988.87,43.32
20170412_112346,21.00,988.87,43.42
20170412_112416,21.15,988.92,43.65
20170412_112446,21.19,988.75,43.27
20170412_112516,20.95,988.82,43.38
20170412_112546,20.86,988.83,43.48
20170412_112616,21.03,988.89,43.57
20170412_112646,21.30,988.93,43.31
20170412_112716,20.99,988.70,42.56
20170412_112746,21.08,988.88,43.73
20170412_112816,21.12,988.86,42.99
20170412_112847,21.56,988.88,42.55
20170412_112917,21.80,988.90,41.56
20170412_112947,21.51,988.87,42.54
20170412_113017,21.47,988.89,42.23
20170412_113047,21.33,988.86,42.54
20170412_113117,20.82,988.79,43.20
20170412_113147,21.14,988.82,43.80
20170412_113217,21.33,988.88,43.25
20170412_113247,21.60,988.87,42.71
20170412_113317,21.88,988.92,43.22
20170412_113347,22.20,988.84,42.11
20170412_113417,21.93,988.91,42.27
20170412_113447,21.83,988.90,42.90
20170412_113517,21.84,988.92,43.10
20170412_113547,21.98,988.90,42.80
20170412_113617,22.01,988.94,42.37
20170412_113647,22.17,988.80,42.16
20170412_113717,21.71,988.81,42.04
20170412_113747,21.47,988.89,42.24
20170412_113817,21.51,988.85,42.67
20170412_113848,21.38,988.74,42.40
20170412_113918,20.99,988.83,42.92
20170412_113948,20.95,988.85,43.11
20170412_114018,20.81,988.80,43.45
20170412_114048,20.91,988.79,43.16
20170412_114118,20.95,988.84,43.23
20170412_114148,20.91,988.82,43.18
20170412_114218,20.77,988.84,43.63
20170412_114248,20.79,988.70,43.55
20170412_114318,20.68,988.70,43.52
20170412_114348,20.70,988.70,43.78
20170412_114418,20.97,988.78,43.83
20170412_114448,20.97,988.71,43.59
20170412_114518,20.89,988.66,43.29
20170412_114548,20.78,988.70,43.90
20170412_114618,20.86,988.76,43.96
20170412_114648,20.90,988.78,43.57
20170412_114718,20.84,988.75,43.77
20170412_114748,20.97,988.79,43.71
20170412_114818,21.31,988.78,43.42
20170412_114848,21.34,988.79,43.36
20170412_114919,21.16,988.75,43.44
20170412_114949,21.15,988.75,43.37
20170412_115019,21.02,988.71,43.68
20170412_115049,20.88,988.69,44.17
20170412_115119,20.90,988.70,43.93
20170412_115149,20.98,988.72,44.09
20170412_115219,21.00,988.72,43.86
20170412_115249,20.95,988.70,44.63
20170412_115319,21.12,988.73,45.12
20170412_115349,21.01,988.67,44.24
20170412_115419,20.92,988.61,44.31
20170412_115449,20.99,988.63,44.39
20170412_115519,20.93,988.57,44.18
20170412_115549,21.00,988.64,44.22
20170412_115619,20.92,988.55,44.33
20170412_115649,20.85,988.51,44.05
20170412_115719,20.92,988.57,44.35
20170412_115749,21.02,988.51,43.97
20170412_115819,20.94,988.60,44.03
20170412_115849,20.92,988.56,44.47
20170412_115919,20.88,988.48,43.65
20170412_115950,20.94,988.56,43.89
20170412_120020,21.07,988.55,43.90
20170412_120050,21.29,988.58,43.50
20170412_120120,21.26,988.51,43.35
20170412_120150,21.31,988.56,43.51
20170412_120220,21.33,988.51,44.15
20170412_120250,21.13,988.46,43.59
20170412_120320,21.15,988.46,43.84
20170412_120350,21.31,988.43,43.73
20170412_120420,21.12,988.45,44.67
20170412_120450,21.23,988.37,44.10
20170412_120520,21.16,988.39,44.10
20170412_120550,21.12,988.40,44.31
20170412_120620,21.26,988.41,44.40
20170412_120650,21.23,988.30,44.16
20170412_120720,21.12,988.39,44.16
20170412_120750,21.18,988.39,43.94
20170412_120820,21.09,988.33,43.98
20170412_120850,21.04,988.27,44.04
20170412_120920,21.03,988.26,44.26
20170412_120950,20.99,988.26,44.71
20170412_121021,21.01,988.31,43.97
20170412_121051,21.09,988.25,44.48
20170412_121121,21.04,988.28,44.08
20170412_121151,21.22,988.22,43.76
20170412_121221,21.24,988.29,43.33
20170412_121251,21.24,988.27,43.61
20170412_121321,21.13,988.22,43.81
20170412_121351,21.18,988.30,43.53
20170412_121421,21.05,988.18,42.80
20170412_121451,21.22,988.28,43.63
20170412_121521,21.27,988.16,42.74
20170412_121551,21.30,988.13,42.76
20170412_121621,21.30,988.16,42.41
20170412_121651,21.26,988.16,42.86
20170412_121721,21.34,988.12,42.74
20170412_121751,21.42,988.16,42.65
20170412_121821,21.33,988.21,42.87
20170412_121851,21.27,988.14,43.57
20170412_121921,21.23,988.16,43.34
20170412_121951,21.21,988.15,43.32
20170412_122021,21.38,988.22,43.95
20170412_122052,21.45,988.19,43.26
20170412_122122,21.55,988.23,42.47
20170412_122152,21.41,988.17,42.46
20170412_122222,21.30,988.15,42.46
20170412_122252,21.20,988.07,42.62
20170412_122322,21.30,988.20,42.67
20170412_122352,21.48,988.26,42.67
20170412_122422,21.49,988.20,42.49
20170412_122452,21.40,988.15,42.56
20170412_122522,21.29,988.24,42.90
20170412_122552,21.30,988.27,43.09
20170412_122622,21.20,988.23,42.66
20170412_122652,21.14,988.24,42.75
20170412_122722,21.13,988.25,42.88
20170412_122752,21.26,988.22,42.66
20170412_122822,21.17,988.21,43.21
20170412_122852,21.13,988.20,42.25
20170412_122922,21.18,988.14,42.51
20170412_122952,21.10,988.16,43.04
20170412_123022,21.15,988.16,42.55
20170412_123052,21.09,988.15,42.85
20170412_123123,21.16,988.18,42.79
20170412_123153,21.31,988.20,42.59
20170412_123223,21.15,988.19,42.78
20170412_123253,21.16,988.19,42.96
20170412_123323,21.14,988.17,43.25
20170412_123353,21.01,988.06,43.22
20170412_123423,20.92,988.19,43.56
20170412_123453,20.88,988.23,43.58
20170412_123523,20.95,988.18,43.56
20170412_123553,21.04,988.17,44.03
20170412_123623,21.09,988.22,43.77
20170412_123653,21.11,988.12,43.87
20170412_123723,21.06,988.24,43.88
20170412_123753,21.01,988.17,43.89
20170412_123823,20.92,988.19,44.17
20170412_123853,21.08,988.15,44.28
20170412_123923,20.90,988.22,44.05
20170412_123953,20.86,988.11,44.31
20170412_124023,20.94,988.13,44.30
20170412_124053,20.95,988.11,44.47
20170412_124123,20.95,988.06,44.47
20170412_124154,20.95,988.08,44.71
20170412_124224,21.06,988.13,44.43
20170412_124254,20.91,988.10,44.51
20170412_124324,20.86,988.09,44.89
20170412_124354,20.89,988.04,44.72
20170412_124424,20.84,988.12,44.90
20170412_124454,20.93,988.07,44.92
20170412_124524,21.03,988.04,44.67
20170412_124554,21.04,988.10,44.73
20170412_124624,21.02,988.14,44.89
20170412_124654,20.94,988.11,44.98
20170412_124724,20.90,988.16,45.15
20170412_124754,21.03,988.15,45.13
20170412_124824,21.10,988.13,45.45
20170412_124854,21.11,988.17,45.36
20170412_124924,21.19,988.20,44.94
20170412_124954,21.21,988.17,45.19
20170412_125024,21.27,988.25,45.28
20170412_125054,21.09,988.20,45.62
20170412_125124,20.93,988.01,45.43
20170412_125154,20.80,988.09,45.45
20170412_125224,20.86,988.16,45.69
20170412_125255,20.89,988.13,45.38
20170412_125325,20.90,988.11,45.47
20170412_125355,20.98,988.09,45.56
20170412_125425,21.13,988.14,45.67
20170412_125455,21.15,988.08,45.42
20170412_125525,21.12,988.07,45.37
20170412_125555,20.96,988.02,45.40
20170412_125625,20.76,988.02,46.01
20170412_125655,20.89,988.01,45.92
20170412_125725,20.99,988.05,45.63
20170412_125755,20.87,988.05,45.88
20170412_125825,21.07,988.00,45.81
20170412_125855,21.11,987.92,45.49
20170412_125925,20.93,987.85,45.66
20170412_125955,20.95,987.94,45.83
20170412_130025,20.85,987.86,45.89
20170412_130055,20.92,987.90,45.80
20170412_130125,20.88,987.87,45.83
20170412_130155,20.90,987.90,45.71
20170412_130225,21.01,987.97,45.81
20170412_130255,21.09,987.94,45.77
20170412_130326,21.18,987.96,45.73
20170412_130356,21.15,987.98,45.89
20170412_130426,21.14,987.95,45.74
20170412_130456,21.21,987.96,45.66
20170412_130526,21.18,987.96,45.65
20170412_130556,21.28,988.03,45.68
20170412_130626,21.27,987.98,45.14
20170412_130656,21.21,987.97,45.25
20170412_130726,21.06,987.83,45.43
20170412_130756,21.03,987.92,45.59
20170412_130826,21.12,987.86,45.53
20170412_130856,21.18,987.86,45.23
20170412_130926,21.26,987.75,45.07
20170412_130956,21.37,987.84,45.11
20170412_131026,21.49,987.77,44.93
20170412_131056,21.51,987.77,44.75
20170412_131126,21.53,987.76,45.09
20170412_131156,21.50,987.74,44.39
20170412_131226,21.53,987.72,44.64
20170412_131256,21.44,987.79,44.83
20170412_131326,21.30,987.69,44.96
20170412_131357,21.08,987.68,45.40
20170412_131427,21.19,987.71,45.15
20170412_131457,21.16,987.74,45.55
20170412_131527,21.24,987.64,45.35
20170412_131557,21.33,987.68,45.22
20170412_131627,21.32,987.64,45.28
20170412_131657,21.16,987.58,45.13
20170412_131727,21.08,987.62,45.67
20170412_131757,21.34,987.59,45.32
20170412_131827,21.41,987.55,44.99
20170412_131857,21.49,987.49,45.10
20170412_131927,21.42,987.50,44.90
20170412_131957,21.31,987.46,45.09
20170412_132027,21.29,987.52,45.02
20170412_132057,21.22,987.52,45.36
20170412_132127,21.23,987.51,45.32
20170412_132157,21.26,987.59,45.51
20170412_132227,21.22,987.53,45.26
20170412_132257,21.18,987.51,45.02
20170412_132327,21.05,987.56,45.60
20170412_132357,21.12,987.52,45.42
20170412_132428,21.10,987.55,45.63
20170412_132458,21.02,987.47,45.87
20170412_132528,21.09,987.45,45.99
20170412_132558,21.06,987.47,45.75
20170412_132628,21.13,987.43,45.54
20170412_132658,21.07,987.47,45.63
20170412_132728,21.14,987.40,45.73
20170412_132758,20.96,987.34,45.74
20170412_132828,20.97,987.34,45.79
20170412_132858,20.98,987.35,45.86
20170412_132928,20.94,987.35,45.87
20170412_132958,20.94,987.36,46.09
20170412_133028,21.01,987.36,46.18
20170412_133058,20.98,987.38,46.16
20170412_133128,20.93,987.39,46.25
20170412_133158,20.99,987.39,46.11
20170412_133228,21.14,987.33,45.97
20170412_133258,21.07,987.28,45.83
20170412_133328,21.04,987.33,46.19
20170412_133358,21.12,987.35,45.99
20170412_133428,21.15,987.44,45.90
20170412_133459,21.22,987.43,45.70
20170412_133529,21.27,987.38,45.67
20170412_133559,21.21,987.37,45.84
20170412_133629,21.24,987.40,45.98
20170412_133659,21.16,987.36,45.86
20170412_133729,21.05,987.39,46.15
20170412_133759,21.13,987.40,46.05
20170412_133829,21.12,987.41,45.95
20170412_133859,21.06,987.42,46.00
20170412_133929,21.10,987.45,45.87
20170412_133959,21.06,987.38,46.29
20170412_134029,21.11,987.44,46.21
20170412_134059,21.22,987.43,46.04
20170412_134129,21.32,987.48,46.03
20170412_134159,21.30,987.44,45.98
20170412_134229,21.37,987.51,46.02
20170412_134259,21.38,987.48,45.97
20170412_134329,21.15,987.53,46.21
20170412_134359,21.13,987.54,46.00
20170412_134429,21.11,987.54,46.07
20170412_134459,21.11,987.54,46.21
20170412_134530,21.01,987.56,46.23
20170412_134600,21.02,987.55,46.18
20170412_134630,21.08,987.53,46.20
20170412_134700,21.09,987.54,46.29
20170412_134730,21.11,987.55,46.21
20170412_134800,21.14,987.56,46.59
20170412_134830,21.15,987.50,46.24
20170412_134900,21.17,987.45,46.32
20170412_134930,21.23,987.50,46.23
20170412_135000,21.25,987.38,46.25
20170412_135030,21.33,987.36,46.17
20170412_135100,21.41,987.39,46.10
20170412_135130,21.48,987.29,46.14
20170412_135200,21.50,987.33,46.03
20170412_135230,21.41,987.36,45.99
20170412_135300,21.41,987.44,46.10
20170412_135330,21.40,987.43,46.13
20170412_135400,21.36,987.37,45.96
20170412_135430,21.35,987.46,46.39
20170412_135500,21.31,987.46,46.11
20170412_135530,21.22,987.42,46.75
20170412_135601,21.10,987.40,46.46
20170412_135631,21.13,987.45,46.47
20170412_135701,21.17,987.43,46.55
20170412_135731,21.18,987.41,46.39
20170412_135801,21.22,987.42,46.34
20170412_135831,21.07,987.34,46.58
20170412_135901,21.07,987.36,46.64
20170412_135931,21.18,987.42,46.59
20170412_140001,21.24,987.38,46.35
20170412_140032,21.20,987.32,46.56
20170412_140102,21.29,987.37,46.36
20170412_140132,21.15,987.35,46.31
20170412_140202,21.02,987.33,46.62
20170412_140232,21.00,987.36,46.75
20170412_140302,21.11,987.39,46.76
20170412_140332,21.04,987.34,46.75
20170412_140402,21.08,987.33,46.96
20170412_140432,21.11,987.33,46.64
20170412_140502,21.07,987.34,46.60
20170412_140532,21.09,987.28,46.85
20170412_140602,21.05,987.25,46.66
20170412_140632,20.91,987.24,46.91
20170412_140702,21.02,987.25,47.06
20170412_140732,21.08,987.26,46.88
20170412_140802,21.12,987.27,46.75
20170412_140832,21.23,987.32,46.70
20170412_140903,21.22,987.30,46.72
20170412_140933,21.30,987.34,46.75
20170412_141003,21.31,987.36,46.85
20170412_141033,21.23,987.26,46.50
20170412_141103,21.19,987.33,46.60
20170412_141133,21.14,987.35,46.89
20170412_141203,21.09,987.33,46.68
20170412_141233,21.15,987.38,46.84
20170412_141303,21.24,987.35,46.84
20170412_141333,21.25,987.30,46.50
20170412_141403,21.15,987.41,46.81
20170412_141433,21.15,987.40,46.90
20170412_141503,21.11,987.35,47.01
20170412_141533,21.13,987.36,47.37
20170412_141603,21.19,987.34,46.87
20170412_141633,21.15,987.35,47.14
20170412_141703,21.17,987.39,47.06
20170412_141733,21.14,987.36,46.97
20170412_141803,21.19,987.37,47.14
20170412_141833,21.16,987.39,47.23
20170412_141903,21.19,987.30,47.25
20170412_141933,21.25,987.36,47.04
20170412_142004,21.32,987.43,47.13
20170412_142034,21.35,987.37,46.94
20170412_142104,21.33,987.36,47.04
20170412_142134,21.33,987.36,47.00
20170412_142204,21.16,987.21,46.81
20170412_142234,21.08,987.29,47.22
20170412_142304,21.13,987.37,47.12
20170412_142334,21.23,987.35,47.08
20170412_142404,21.23,987.32,47.06
20170412_142434,21.24,987.34,47.20
20170412_142504,21.28,987.30,47.18
20170412_142534,21.28,987.33,47.42
20170412_142604,21.25,987.30,47.19
20170412_142634,21.26,987.31,47.29
20170412_142704,21.29,987.27,47.40
20170412_142734,21.31,987.22,47.30
20170412_142804,21.33,987.33,47.26
20170412_142834,21.34,987.34,47.04
20170412_142904,21.31,987.25,47.15
20170412_142934,21.29,987.32,47.46
20170412_143004,21.27,987.34,47.36
20170412_143035,21.29,987.32,47.42
20170412_143105,21.38,987.39,47.61
20170412_143135,21.43,987.37,47.20
20170412_143205,21.46,987.45,47.18
20170412_143235,21.44,987.37,47.37
20170412_143305,21.47,987.53,47.39
20170412_143335,21.45,987.47,47.40
20170412_143405,21.44,987.48,47.41
20170412_143435,21.47,987.49,47.43
20170412_143505,21.48,987.41,47.58
20170412_143535,21.47,987.45,47.61
20170412_143605,21.47,987.51,47.50
20170412_143635,21.48,987.51,47.71
20170412_143705,21.37,987.50,47.56
20170412_143735,21.36,987.51,47.46
20170412_143805,21.36,987.48,47.66
20170412_143835,21.30,987.50,47.97
20170412_143905,21.32,987.53,47.69
20170412_143935,21.32,987.57,47.76
20170412_144005,21.33,987.57,47.74
20170412_144035,21.31,987.61,47.71
20170412_144106,21.33,987.59,47.74
20170412_144136,21.31,987.56,47.67
20170412_144206,21.26,987.52,47.50
20170412_144236,21.27,987.59,47.59
20170412_144306,21.32,987.61,47.55
20170412_144336,21.33,987.60,47.52
20170412_144406,21.31,987.66,47.67
20170412_144436,21.32,987.67,47.65
20170412_144506,21.30,987.67,48.03
20170412_144536,21.34,987.67,47.98
20170412_144606,21.27,987.66,47.62
20170412_144636,21.25,987.64,47.72
20170412_144706,21.26,987.66,47.98
20170412_144736,21.19,987.60,47.84
20170412_144806,21.18,987.60,48.01
20170412_144836,21.18,987.59,48.22
20170412_144906,21.14,987.65,48.25
20170412_144936,21.17,987.59,48.17
20170412_145006,21.17,987.56,48.15
20170412_145036,21.15,987.59,48.18
20170412_145106,21.15,987.58,48.31
20170412_145136,21.13,987.58,48.37
20170412_145207,21.09,987.54,48.26
20170412_145237,21.08,987.51,48.27
20170412_145307,21.12,987.55,48.24
20170412_145337,21.06,987.47,48.35
20170412_145407,21.05,987.56,48.40
20170412_145437,21.04,987.50,48.17
20170412_145507,21.04,987.46,48.40
20170412_145537,21.04,987.53,48.29
20170412_145607,21.01,987.48,48.33
20170412_145637,21.00,987.37,48.23
20170412_145707,20.97,987.47,48.38
20170412_145737,21.01,987.44,48.58
20170412_145807,21.05,987.43,48.45
20170412_145837,21.01,987.48,48.51
20170412_145907,21.03,987.44,48.73
20170412_145937,21.08,987.51,48.48
20170412_150007,21.12,987.46,48.31
20170412_150037,21.08,987.54,48.16
20170412_150107,21.04,987.53,48.38
20170412_150137,21.06,987.59,48.56
20170412_150207,21.07,987.60,48.59
20170412_150238,21.04,987.54,48.81
20170412_150308,21.04,987.61,48.88
20170412_150338,21.05,987.62,48.84
20170412_150408,21.08,987.58,48.56
20170412_150438,21.07,987.63,48.75
20170412_150508,21.06,987.62,48.97
20170412_150538,21.11,987.62,49.76
20170412_150608,21.05,987.61,49.04
20170412_150638,21.06,987.58,49.95
20170412_150708,21.14,987.55,49.45
20170412_150738,21.21,987.51,49.48
20170412_150808,21.19,987.54,49.50
20170412_150838,21.14,987.48,48.92
20170412_150908,21.10,987.50,48.76
20170412_150938,21.08,987.49,48.59
20170412_151008,21.09,987.55,49.25
20170412_151038,21.08,987.54,48.91
20170412_151108,21.04,987.53,48.80
20170412_151138,21.00,987.55,48.44
20170412_151208,21.04,987.62,48.36
20170412_151238,21.10,987.61,48.52
20170412_151309,21.14,987.63,48.58
20170412_151339,21.02,987.63,48.46
20170412_151409,21.05,987.68,48.68
20170412_151439,21.12,987.62,48.73
20170412_151509,21.15,987.70,48.65
20170412_151539,21.19,987.72,47.99
20170412_151609,21.17,987.62,47.91
20170412_151639,21.17,987.62,47.73
20170412_151709,21.20,987.59,47.39
20170412_151739,21.11,987.64,47.27
20170412_151809,21.24,987.68,47.55
20170412_151839,21.32,987.70,47.65
20170412_151909,21.34,987.69,47.13
20170412_151939,21.33,987.66,47.34
20170412_152009,21.39,987.62,47.45
20170412_152039,21.52,987.67,47.48
20170412_152109,21.43,987.62,47.04
20170412_152139,21.32,987.64,45.99
20170412_152209,21.14,987.55,46.19
20170412_152239,21.22,987.54,47.43
20170412_152309,21.12,987.61,46.60
20170412_152339,21.20,987.50,47.61
20170412_152410,21.22,987.52,47.90
20170412_152440,21.34,987.40,47.74
20170412_152510,21.28,987.29,42.80
20170412_152540,21.41,987.01,41.80
20170412_152610,21.24,987.23,42.26
20170412_152640,21.25,987.16,41.57
20170412_152710,21.26,987.20,41.90
20170412_152740,21.52,987.14,41.84
20170412_152810,21.69,987.07,42.54
20170412_152840,21.78,987.04,41.44
20170412_152910,21.62,987.05,41.33
20170412_152940,21.68,986.95,41.55
20170412_153010,21.72,987.01,41.38
20170412_153040,21.68,986.95,41.09
20170412_153110,21.68,987.05,40.40
20170412_153140,21.66,987.05,41.20
20170412_153210,21.72,987.04,41.21
20170412_153240,21.74,987.06,41.51
20170412_153310,21.81,987.05,41.66
20170412_153340,21.91,987.04,41.48
20170412_153410,21.77,986.98,41.73
20170412_153441,21.68,986.87,41.90
20170412_153511,21.58,986.95,42.00
20170412_153541,21.56,987.01,42.33
20170412_153611,21.61,986.95,42.34
20170412_153641,21.57,986.88,42.42
20170412_153711,21.34,986.89,42.12
20170412_153741,21.31,986.94,42.55
20170412_153811,21.30,986.89,42.15
20170412_153841,21.34,986.88,42.30
20170412_153911,21.39,986.94,41.91
20170412_153941,21.36,986.99,42.01
20170412_154011,21.38,986.98,42.10
20170412_154041,21.38,987.08,42.20
20170412_154111,21.46,987.09,42.03
20170412_154141,21.51,987.09,41.13
20170412_154211,21.42,987.05,40.17
20170412_154241,21.32,986.95,39.95
20170412_154311,21.21,986.98,40.01
20170412_154341,21.14,986.88,40.18
20170412_154411,21.07,986.81,40.52
20170412_154441,20.96,987.08,40.95
20170412_154512,21.00,987.10,40.54
20170412_154542,21.01,987.16,40.75
20170412_154612,21.06,987.12,40.81
20170412_154642,21.07,987.17,40.84
20170412_154712,21.14,987.18,40.84
20170412_154742,21.16,987.24,40.78
20170412_154812,21.11,987.15,40.78
20170412_154842,21.10,987.17,40.86
20170412_154912,21.14,987.23,40.84
20170412_154942,21.14,987.22,40.88
20170412_155012,21.10,987.27,40.73
20170412_155042,21.13,987.35,41.00
20170412_155112,21.07,987.30,40.82
20170412_155142,21.03,987.29,40.76
20170412_155212,21.06,987.38,40.70
20170412_155242,21.11,987.34,40.70
20170412_155312,21.12,987.34,40.76
20170412_155342,21.17,987.40,41.11
20170412_155412,21.20,987.41,40.89
20170412_155442,21.26,987.35,40.87
20170412_155512,21.27,987.33,40.73
20170412_155542,21.23,987.31,40.89
20170412_155613,21.22,987.32,41.02
20170412_155643,21.23,987.31,41.01
20170412_155713,21.22,987.33,41.04
20170412_155743,21.29,987.32,40.95
20170412_155813,21.27,987.36,41.04
20170412_155843,21.28,987.34,41.15
20170412_155913,21.32,987.31,41.06
20170412_155943,21.33,987.37,40.91
20170412_160013,21.29,987.33,41.16
20170412_160043,21.27,987.36,41.00
20170412_160113,21.12,987.37,41.15
20170412_160143,21.15,987.35,40.96
20170412_160213,21.13,987.41,41.11
20170412_160243,21.18,987.42,41.16
20170412_160313,21.20,987.42,40.93
20170412_160343,21.28,987.40,40.97
20170412_160413,21.27,987.46,40.91
20170412_160443,21.19,987.52,41.00
20170412_160513,21.07,987.55,41.23
20170412_160543,21.05,987.58,41.52
20170412_160613,21.11,987.59,42.00
20170412_160644,21.18,987.61,41.90
20170412_160714,21.14,987.62,41.72
20170412_160744,21.11,987.63,41.75
20170412_160814,21.12,987.61,42.34
20170412_160844,21.10,987.65,42.36
20170412_160914,21.07,987.72,42.19
20170412_160944,21.09,987.84,42.35
20170412_161014,21.04,987.87,42.19
20170412_161044,20.96,987.89,42.56
20170412_161114,20.98,987.93,42.28
20170412_161144,20.96,987.88,42.13
20170412_161214,20.85,987.75,42.36
20170412_161244,20.77,987.74,42.53
20170412_161314,20.79,987.72,42.50
20170412_161344,20.74,987.76,43.20
20170412_161414,20.62,987.90,43.40
20170412_161444,20.61,987.75,44.04
20170412_161514,20.51,987.73,44.99
20170412_161544,20.34,987.64,43.92
20170412_161614,20.20,987.65,44.78
20170412_161644,20.25,987.59,43.45
20170412_161715,20.21,987.43,43.08
20170412_161745,20.22,987.59,43.07
20170412_161815,20.24,987.68,44.90
20170412_161845,20.23,987.69,44.04
20170412_161915,20.22,987.68,44.83
20170412_161945,20.23,987.75,44.58
20170412_162015,20.25,987.75,45.69
20170412_162045,20.19,987.68,43.52
20170412_162115,20.20,987.75,43.78
20170412_162145,20.24,987.75,45.76
20170412_162215,20.14,987.71,44.51
20170412_162245,20.08,987.76,44.64
20170412_162315,20.10,987.69,45.78
20170412_162345,20.13,987.64,46.06
20170412_162415,20.15,987.67,44.87
20170412_162445,20.18,987.59,45.51
20170412_162515,20.15,987.50,44.61
20170412_162545,20.18,987.43,43.78
20170412_162615,20.22,987.48,43.98
20170412_162645,20.25,987.48,43.20
20170412_162715,20.25,987.51,43.71
20170412_162745,20.25,987.51,44.48
20170412_162816,20.25,987.55,44.43
20170412_162846,20.25,987.54,44.72
20170412_162916,20.23,987.58,46.14
20170412_162946,20.21,987.58,43.02
20170412_163016,20.24,987.61,43.21
20170412_163046,20.26,987.63,43.03
20170412_163116,20.31,987.60,43.50
20170412_163146,20.34,987.64,43.54
20170412_163216,20.29,987.62,43.30
20170412_163246,20.27,987.62,42.77
20170412_163316,20.25,987.60,43.87
20170412_163346,20.24,987.60,44.51
20170412_163416,20.26,987.59,44.82
20170412_163446,20.30,987.68,45.74
20170412_163516,20.24,987.65,44.81
20170412_163546,20.20,987.59,45.54
20170412_163616,20.15,987.65,45.10
20170412_163646,20.07,987.63,44.98
20170412_163716,20.08,987.65,45.56
20170412_163746,20.02,987.63,45.87
20170412_163816,19.97,987.62,45.30
20170412_163847,19.98,987.54,45.93
20170412_163917,19.96,987.55,46.46
20170412_163947,19.91,987.44,47.03
20170412_164017,19.94,987.50,45.82
20170412_164047,19.97,987.45,45.77
20170412_164117,19.98,987.45,45.96
20170412_164147,20.04,987.38,45.67
20170412_164217,20.07,987.40,46.58
20170412_164247,20.12,987.40,45.52
20170412_164317,20.16,987.39,45.27
20170412_164347,20.17,987.39,46.17
20170412_164417,20.21,987.34,46.90
20170412_164447,20.25,987.39,47.42
20170412_164517,20.21,987.34,46.31
20170412_164547,20.17,987.31,46.91
20170412_164617,20.14,987.29,45.96
20170412_164647,20.19,987.34,46.29
20170412_164717,20.25,987.26,46.31
20170412_164747,20.33,987.26,44.92
20170412_164817,20.48,987.24,46.06
20170412_164847,20.59,987.17,45.87
20170412_164917,20.56,987.18,46.21
20170412_164948,20.47,987.09,45.23
20170412_165018,20.40,987.09,46.02
20170412_165048,20.48,987.08,49.07
20170412_165118,20.61,987.08,48.28
20170412_165148,20.43,987.04,45.40
20170412_165218,20.31,987.00,46.10
20170412_165248,20.29,987.00,47.17
20170412_165318,20.40,986.98,47.37
20170412_165348,20.34,986.93,47.06
20170412_165418,20.49,986.93,47.71
20170412_165448,20.58,986.99,48.41
20170412_165518,20.50,986.93,48.13
20170412_165548,20.38,986.97,48.54
20170412_165618,20.50,986.98,47.97
20170412_165648,20.64,986.96,48.61
20170412_165718,20.54,986.92,49.05
20170412_165748,20.39,986.94,47.55
20170412_165818,20.61,986.93,47.56
20170412_165848,20.94,986.84,47.10
20170412_165918,21.11,986.70,45.76
20170412_165948,20.73,986.74,46.46
20170412_170018,20.58,986.63,47.18
20170412_170049,20.28,986.45,47.01
20170412_170119,20.45,986.36,48.85
20170412_170149,20.40,986.26,47.76
20170412_170219,20.22,986.18,47.82
20170412_170249,20.23,986.12,48.38
20170412_170319,20.36,986.09,49.45
20170412_170349,20.48,985.94,49.44
20170412_170419,20.41,985.94,48.01
20170412_170449,20.23,986.02,48.30
20170412_170519,20.03,985.97,49.11
20170412_170549,19.95,985.92,49.28
20170412_170619,20.03,985.91,50.34
20170412_170649,19.88,985.92,49.32
20170412_170719,19.85,985.89,50.31
20170412_170749,19.87,985.91,50.49
20170412_170819,19.82,985.88,49.35
20170412_170849,19.78,985.83,48.43
20170412_170919,19.80,985.85,49.62
20170412_170949,19.87,985.85,49.05
20170412_171019,19.89,985.91,48.94
20170412_171049,19.98,985.89,48.93
20170412_171120,19.95,985.84,48.45
20170412_171150,19.88,985.88,48.38
20170412_171220,19.79,985.85,48.24
20170412_171250,19.86,985.87,48.44
20170412_171320,19.88,985.82,47.81
20170412_171350,19.93,985.78,48.00
20170412_171420,19.95,985.79,48.13
20170412_171450,20.02,985.77,48.06
20170412_171520,20.04,985.78,47.88
20170412_171550,20.10,985.83,48.35
20170412_171620,20.06,985.71,48.01
20170412_171650,20.10,985.72,47.97
20170412_171720,20.19,985.74,48.01
20170412_171750,20.26,985.71,47.89
20170412_171820,20.14,985.72,47.12
20170412_171850,20.21,985.72,47.51
20170412_171920,20.24,985.76,47.08
20170412_171950,20.25,985.72,47.80
20170412_172020,20.27,985.74,47.96
20170412_172050,20.96,985.69,46.78
20170412_172120,21.01,985.71,46.09
20170412_172151,21.34,985.68,45.96
20170412_172221,21.04,985.70,45.99
20170412_172251,21.19,985.72,45.51
20170412_172321,20.96,985.69,46.36
20170412_172351,20.86,985.63,46.56
20170412_172421,20.98,985.63,46.13
20170412_172451,21.06,985.60,46.54
20170412_172521,21.71,985.65,45.70
20170412_172551,21.97,985.58,45.08
20170412_172621,21.95,985.53,45.28
20170412_172651,21.88,985.57,45.89
20170412_172721,22.39,985.57,45.11
20170412_172751,21.91,985.54,44.83
20170412_172821,21.15,985.54,46.30
20170412_172851,21.08,985.52,46.84
20170412_172921,20.87,985.52,46.66
20170412_172951,20.72,985.54,47.78
20170412_173021,20.60,985.55,47.70
20170412_173051,20.46,985.50,48.73
20170412_173121,20.54,985.51,47.31
20170412_173151,20.58,985.53,47.21
20170412_173221,20.66,985.47,46.96
20170412_173252,20.47,985.56,47.13
20170412_173322,20.34,985.50,46.88
20170412_173352,20.23,985.57,47.22
20170412_173422,20.15,985.61,47.32
20170412_173452,20.02,985.60,47.66
20170412_173522,20.01,985.54,47.75
20170412_173552,20.06,985.64,47.60
20170412_173622,20.01,985.60,47.83
20170412_173652,19.88,985.61,47.83
20170412_173722,19.78,985.58,47.89
20170412_173752,19.76,985.62,48.17
20170412_173822,19.70,985.66,48.20
20170412_173852,19.71,985.72,48.72
20170412_173922,19.83,985.72,48.52
20170412_173952,19.82,985.71,48.38
20170412_174022,19.87,985.70,48.61
20170412_174052,19.78,985.63,48.52
20170412_174122,19.64,985.64,48.90
20170412_174152,19.59,985.63,48.88
20170412_174222,19.54,985.65,48.78
20170412_174252,19.56,985.70,49.04
20170412_174323,19.53,985.67,48.91
20170412_174353,19.53,985.62,48.83
20170412_174423,19.57,985.63,48.77
20170412_174453,19.59,985.64,49.28
20170412_174523,19.60,985.66,49.09
20170412_174553,19.60,985.67,49.21
20170412_174623,19.56,985.64,49.49
20170412_174653,19.54,985.63,49.25
20170412_174723,19.54,985.64,49.27
20170412_174753,19.57,985.67,49.51
20170412_174824,19.55,985.64,49.46
20170412_174854,19.60,985.61,49.47
20170412_174924,19.66,985.63,49.35
20170412_174954,19.61,985.63,49.17
20170412_175024,19.62,985.62,49.23
20170412_175054,19.56,985.61,49.45
20170412_175124,19.56,985.63,49.55
20170412_175154,19.53,985.63,49.76
20170412_175224,19.52,985.60,49.70
20170412_175254,19.55,985.62,49.67
20170412_175324,19.55,985.72,49.68
20170412_175354,19.50,985.65,49.64
20170412_175424,19.48,985.66,49.62
20170412_175454,19.47,985.61,49.70
20170412_175524,19.52,985.63,49.78
20170412_175554,19.54,985.66,49.95
20170412_175625,19.59,985.64,50.03
20170412_175655,19.58,985.59,49.99
20170412_175725,19.58,985.62,50.09
20170412_175755,19.57,985.64,49.88
20170412_175825,19.61,985.66,50.18
20170412_175855,19.62,985.68,50.04
20170412_175925,19.63,985.64,50.05
20170412_175955,19.63,985.67,50.29
20170412_180025,19.62,985.63,50.24
20170412_180055,19.63,985.67,50.23
20170412_180125,19.64,985.64,50.23
20170412_180155,19.63,985.66,50.26
20170412_180225,19.63,985.66,49.97
20170412_180255,19.65,985.63,49.67
20170412_180325,19.69,985.63,50.01
20170412_180355,19.72,985.60,49.82
20170412_180425,19.73,985.64,49.63
20170412_180455,19.71,985.63,49.31
20170412_180525,19.74,985.67,50.19
20170412_180555,19.68,985.62,49.31
20170412_180625,19.65,985.72,49.36
20170412_180656,19.63,985.67,49.56
20170412_180726,19.66,985.76,49.66
20170412_180756,19.65,985.75,49.86
20170412_180826,19.67,985.73,49.95
20170412_180856,19.64,985.75,49.55
20170412_180926,19.60,985.77,49.25
20170412_180956,19.62,985.75,49.13
20170412_181026,19.62,985.81,49.36
20170412_181056,19.62,985.78,49.32
20170412_181126,19.66,985.79,49.51
20170412_181156,19.66,985.84,49.47
20170412_181226,19.64,985.83,49.53
20170412_181256,19.65,985.84,49.03
20170412_181326,19.58,985.79,49.27
20170412_181356,19.59,985.83,49.62
20170412_181426,19.59,985.84,49.63
20170412_181456,19.56,985.79,49.73
20170412_181526,19.53,985.85,49.96
20170412_181556,19.52,985.83,49.63
20170412_181626,19.47,985.84,50.09
20170412_181656,19.44,985.80,49.93
20170412_181726,19.39,985.85,50.12
20170412_181757,19.39,985.82,50.05
20170412_181827,19.38,985.85,50.06
20170412_181857,19.36,985.83,50.18
20170412_181927,19.36,985.81,50.25
20170412_181957,19.39,985.84,50.14
20170412_182027,19.31,985.82,50.23
20170412_182057,19.28,985.81,50.42
20170412_182127,19.25,985.84,50.65
20170412_182157,19.29,985.85,50.57
20170412_182227,19.27,985.82,50.52
20170412_182257,19.27,985.84,50.70
20170412_182327,19.26,985.83,50.52
20170412_182357,19.26,985.79,50.62
20170412_182427,19.19,985.74,50.67
20170412_182457,19.16,985.73,50.66
20170412_182527,19.16,985.69,50.83
20170412_182557,19.14,985.70,50.76
20170412_182627,19.12,985.67,51.06
20170412_182657,19.13,985.63,50.73
20170412_182727,19.13,985.64,51.04
20170412_182757,19.08,985.65,51.15
20170412_182827,19.06,985.59,51.10
20170412_182858,19.07,985.63,51.20
20170412_182928,19.05,985.58,51.17
20170412_182958,19.06,985.63,51.11
20170412_183028,19.11,985.63,51.24
20170412_183058,19.08,985.57,51.11
20170412_183128,19.04,985.63,51.43
20170412_183158,19.08,985.67,51.18
20170412_183228,19.04,985.63,51.37
20170412_183258,19.03,985.61,51.20
20170412_183328,19.06,985.64,51.26
20170412_183358,19.07,985.61,51.19
20170412_183428,19.10,985.65,51.25
20170412_183458,19.05,985.62,51.20
20170412_183528,19.06,985.63,51.32
20170412_183558,19.09,985.69,51.46
20170412_183628,19.02,985.58,51.60
20170412_183658,19.08,985.60,51.53
20170412_183728,19.08,985.66,51.52
20170412_183758,19.09,985.59,51.59
20170412_183828,19.08,985.55,52.06
20170412_183858,19.11,985.64,51.97
20170412_183929,19.14,985.57,51.79
20170412_183959,19.12,985.61,51.94
20170412_184029,19.13,985.62,51.91
20170412_184059,19.10,985.60,52.38
20170412_184129,19.13,985.63,52.25
20170412_184159,19.11,985.62,52.37
20170412_184229,19.10,985.58,52.15
20170412_184259,19.14,985.64,51.80
20170412_184329,19.14,985.63,51.87
20170412_184359,19.14,985.58,51.96
20170412_184429,19.13,985.62,52.08
20170412_184459,19.14,985.62,51.96
20170412_184529,19.13,985.60,51.90
20170412_184559,19.12,985.60,51.94
20170412_184629,19.13,985.63,51.94
20170412_184659,19.15,985.60,51.96
20170412_184729,19.17,985.59,52.13
20170412_184759,19.16,985.57,51.92
20170412_184829,19.16,985.62,51.99
20170412_184859,19.11,985.60,52.20
20170412_184929,19.12,985.59,52.18
20170412_184959,19.11,985.68,52.30
20170412_185030,19.11,985.61,52.25
20170412_185100,19.13,985.60,52.25
20170412_185130,19.13,985.59,52.33
20170412_185200,19.04,985.55,52.63
20170412_185230,19.03,985.56,52.73
20170412_185300,19.03,985.58,52.83
20170412_185330,18.99,985.58,52.68
20170412_185400,18.98,985.60,52.84
20170412_185430,18.97,985.65,52.75
20170412_185500,18.97,985.60,52.75
20170412_185530,18.93,985.61,52.90
20170412_185600,18.95,985.62,52.86
20170412_185630,18.95,985.59,52.83
20170412_185700,18.95,985.53,52.83
20170412_185730,18.91,985.59,53.01
20170412_185800,18.82,985.61,53.33
20170412_185830,18.83,985.60,53.34
20170412_185900,18.82,985.56,53.45
20170412_185930,18.79,985.58,53.64
20170412_190000,18.73,985.65,54.20
20170412_190030,18.67,985.68,54.29
20170412_190100,18.62,985.62,54.31
20170412_190131,18.66,985.60,54.26
20170412_190201,18.64,985.64,54.34
20170412_190231,18.66,985.64,54.32
20170412_190301,18.61,985.64,54.51
20170412_190331,18.57,985.61,54.63
20170412_190401,18.54,985.63,54.78
20170412_190431,18.53,985.62,54.90
20170412_190501,18.58,985.68,54.64
20170412_190531,18.54,985.66,54.77
20170412_190601,18.57,985.68,54.74
20170412_190631,18.58,985.70,54.83
20170412_190701,18.62,985.71,54.79
20170412_190731,18.62,985.70,54.42
20170412_190801,18.63,985.70,54.50
20170412_190831,18.71,985.75,54.30
20170412_190901,18.78,985.64,54.17
20170412_190931,18.73,985.75,54.24
20170412_191001,18.73,985.77,54.26
20170412_191031,18.74,985.75,54.38
20170412_191101,18.78,985.79,54.24
20170412_191131,18.59,985.79,55.04
20170412_191201,18.67,985.78,54.86
20170412_191232,18.67,985.79,54.87
20170412_191302,18.68,985.78,54.87
20170412_191332,18.58,985.80,54.89
20170412_191402,18.58,985.82,55.05
20170412_191432,18.57,985.87,55.10
20170412_191502,18.58,985.89,55.24
20170412_191532,18.54,985.89,55.49
20170412_191602,18.56,985.87,55.59
20170412_191632,18.55,985.85,55.32
20170412_191702,18.54,985.86,55.32
20170412_191732,18.52,985.88,55.31
20170412_191802,18.59,985.86,55.04
20170412_191832,18.53,985.90,55.27
20170412_191902,18.46,985.91,55.58
20170412_191932,18.48,985.95,55.69
20170412_192002,18.37,986.02,56.06
20170412_192032,18.25,985.97,56.35
20170412_192102,18.25,985.97,56.25
20170412_192132,18.25,986.03,56.21
20170412_192202,18.30,986.07,56.20
20170412_192232,18.30,986.05,56.46
20170412_192303,18.24,986.03,56.62
20170412_192333,18.15,985.99,56.74
20170412_192403,18.15,986.00,57.11
20170412_192433,18.24,985.98,56.72
20170412_192503,18.20,985.98,56.64
20170412_192533,18.13,985.95,57.32
20170412_192603,18.14,986.02,57.12
20170412_192633,18.12,985.97,56.75
20170412_192703,18.08,985.99,56.91
20170412_192733,18.12,986.05,56.87
20170412_192803,18.05,986.03,57.13
20170412_192833,18.06,986.06,57.12
20170412_192903,18.05,986.03,57.25
20170412_192933,18.01,986.07,57.31
20170412_193003,18.08,986.10,57.31
20170412_193033,18.10,986.19,57.35
20170412_193103,18.04,986.19,57.29
20170412_193133,18.13,986.18,57.07
20170412_193203,18.18,986.18,56.86
20170412_193233,18.05,986.17,57.19
20170412_193303,18.03,986.23,57.24
20170412_193333,18.02,986.26,57.42
20170412_193404,18.03,986.26,57.30
20170412_193434,18.00,986.25,57.45
20170412_193504,18.11,986.24,57.22
20170412_193534,18.08,986.25,57.34
20170412_193604,18.08,986.28,57.38
20170412_193634,18.07,986.32,57.42
20170412_193704,18.02,986.32,57.60
20170412_193734,17.99,986.33,57.63
20170412_193804,18.03,986.36,57.46
20170412_193834,17.95,986.37,57.85
20170412_193904,17.93,986.37,57.95
20170412_193934,17.90,986.30,58.04
20170412_194004,17.86,986.31,58.17
20170412_194034,17.91,986.34,58.06
20170412_194104,17.80,986.25,58.38
20170412_194134,17.84,986.22,58.36
20170412_194204,17.80,986.33,58.51
20170412_194234,17.88,986.24,58.29
20170412_194304,17.80,986.25,58.60
20170412_194334,17.85,986.24,58.40
20170412_194404,17.82,986.21,58.58
20170412_194434,17.79,986.12,58.68
20170412_194505,17.67,986.10,59.05
20170412_194535,17.72,986.12,58.95
20170412_194605,17.79,986.15,58.72
20170412_194635,17.77,986.15,58.91
20170412_194705,17.77,986.18,58.88
20170412_194735,17.74,986.13,59.05
20170412_194805,17.73,986.09,59.06
20170412_194835,17.73,986.10,59.12
20170412_194905,17.59,986.08,59.46
20170412_194935,17.48,986.13,59.92
20170412_195005,17.53,986.07,59.85
20170412_195035,17.58,986.13,59.76
20170412_195105,17.59,986.12,59.70
20170412_195135,17.58,986.11,59.91
20170412_195205,17.59,986.15,59.85
20170412_195235,17.51,986.07,60.15
20170412_195305,17.54,986.02,60.17
20170412_195335,17.52,986.10,60.26
20170412_195405,17.56,986.14,60.02
20170412_195435,17.47,986.09,60.40
20170412_195505,17.63,986.10,59.84
20170412_195535,17.66,986.10,59.85
20170412_195606,17.55,986.07,60.41
20170412_195636,17.51,986.13,60.36
20170412_195706,17.46,986.08,60.92
20170412_195736,17.46,986.16,60.72
20170412_195806,17.49,986.15,61.16
20170412_195836,17.47,986.20,61.14
20170412_195906,17.50,986.23,60.67
20170412_195936,17.46,986.20,60.69
20170412_200006,17.46,986.20,60.73
20170412_200036,17.49,986.23,60.65
20170412_200106,17.51,986.25,60.59
20170412_200136,17.57,986.27,60.54
20170412_200206,17.66,986.25,60.69
20170412_200236,17.50,986.25,60.83
20170412_200306,17.49,986.22,61.03
20170412_200336,17.54,986.22,61.20
20170412_200406,17.58,986.23,60.87
20170412_200436,17.45,986.20,60.90
20170412_200506,17.50,986.19,61.25
20170412_200536,17.51,986.21,61.03
20170412_200606,17.65,986.28,60.66
20170412_200637,17.66,986.27,60.58
20170412_200707,17.59,986.29,60.93
20170412_200737,17.54,986.17,61.08
20170412_200807,17.56,986.27,60.95
20170412_200837,17.59,986.25,60.85
20170412_200907,17.50,986.27,61.31
20170412_200937,17.49,986.29,61.36
20170412_201007,17.53,986.26,61.03
20170412_201037,17.59,986.30,60.83
20170412_201107,17.53,986.26,61.01
20170412_201137,17.67,986.32,60.64
20170412_201207,17.69,986.31,60.66
20170412_201237,17.60,986.30,61.02
20170412_201307,17.66,986.35,60.74
20170412_201337,17.68,986.35,60.89
20170412_201407,17.61,986.38,61.13
20170412_201437,17.53,986.42,61.17
20170412_201507,17.48,986.39,61.33
20170412_201537,17.54,986.43,61.12
20170412_201607,17.59,986.41,60.98
20170412_201637,17.61,986.47,61.18
20170412_201707,17.50,986.49,61.32
20170412_201738,17.54,986.45,61.23
20170412_201808,17.49,986.41,61.35
20170412_201838,17.38,986.40,61.86
20170412_201908,17.51,986.40,61.38
20170412_201938,17.51,986.36,61.43
20170412_202008,17.53,986.40,61.36
20170412_202038,17.39,986.32,61.87
20170412_202108,17.36,986.29,62.09
20170412_202138,17.39,986.29,62.26
20170412_202208,17.40,986.26,62.02
20170412_202238,17.40,986.29,61.98
20170412_202308,17.51,986.23,61.73
20170412_202338,17.55,986.19,61.79
20170412_202408,17.48,986.16,62.07
20170412_202438,17.45,986.14,62.40
20170412_202508,17.47,986.18,62.15
20170412_202538,17.45,986.20,62.26
20170412_202608,17.48,986.17,62.04
20170412_202638,17.51,986.22,61.97
20170412_202708,17.52,986.21,61.92
20170412_202738,17.47,986.18,62.29
20170412_202808,17.44,986.22,62.27
20170412_202839,17.43,986.19,62.08
20170412_202909,17.38,986.25,62.26
20170412_202939,17.33,986.26,62.51
20170412_203009,17.32,986.25,62.38
20170412_203039,17.36,986.32,62.27
20170412_203109,17.36,986.24,62.32
20170412_203139,17.33,986.32,62.26
20170412_203209,17.30,986.24,62.41
20170412_203239,17.29,986.21,62.30
20170412_203309,17.36,986.23,62.17
20170412_203339,17.36,986.23,62.21
20170412_203409,17.24,986.21,62.52
20170412_203439,17.28,986.17,62.46
20170412_203509,17.29,986.15,62.54
20170412_203539,17.21,986.11,62.63
20170412_203609,17.20,986.09,62.69
20170412_203639,17.25,986.10,62.55
20170412_203709,17.24,986.13,62.65
20170412_203739,17.33,986.09,62.25
20170412_203809,17.30,986.05,62.48
20170412_203839,17.30,986.12,62.53
20170412_203909,17.31,986.12,62.49
20170412_203940,17.17,986.02,62.95
20170412_204010,17.18,986.07,62.96
20170412_204040,17.12,986.03,63.33
20170412_204110,17.11,986.05,63.42
20170412_204140,17.12,986.05,63.45
20170412_204210,17.19,986.13,63.17
20170412_204240,17.25,986.20,63.08
20170412_204310,17.23,986.23,63.16
20170412_204340,17.20,986.24,63.27
20170412_204410,17.19,986.17,63.24
20170412_204440,17.21,986.15,63.12
20170412_204510,17.16,986.15,63.16
20170412_204540,17.21,986.16,63.05
20170412_204610,17.15,986.16,63.28
20170412_204640,17.15,986.17,63.30
20170412_204710,17.19,986.14,63.29
20170412_204740,17.16,986.09,63.33
20170412_204810,17.19,986.18,63.09
20170412_204840,17.22,986.08,63.08
20170412_204910,17.18,986.08,63.15
20170412_204940,17.20,986.08,63.15
20170412_205010,17.20,986.04,63.16
20170412_205041,17.14,986.08,63.29
20170412_205111,17.19,986.10,63.18
20170412_205141,17.16,986.04,63.25
20170412_205211,17.21,986.08,62.95
20170412_205241,17.30,986.04,62.76
20170412_205311,17.30,986.04,62.62
20170412_205341,17.28,986.02,62.75
20170412_205411,17.26,985.99,62.98
20170412_205441,17.28,986.05,62.85
20170412_205511,17.37,986.05,62.59
20170412_205541,17.31,986.00,62.85
20170412_205611,17.20,986.00,63.07
20170412_205641,17.19,985.98,63.26
20170412_205711,17.22,985.98,63.17
20170412_205741,17.21,985.97,63.34
20170412_205811,17.23,985.97,63.28
20170412_205841,17.23,985.97,63.17
20170412_205911,17.22,985.97,63.24
20170412_205941,17.20,985.97,63.29
20170412_210011,17.15,985.93,63.51
20170412_210041,17.13,985.93,63.60
20170412_210111,17.10,985.94,63.70
20170412_210142,17.18,985.96,63.38
20170412_210212,17.18,985.97,63.44
20170412_210242,17.17,985.99,63.53
20170412_210312,17.17,985.89,63.58
20170412_210342,17.10,985.91,63.77
20170412_210412,17.12,985.93,63.79
20170412_210442,17.07,985.89,63.97
20170412_210512,17.03,985.85,64.09
20170412_210542,17.00,985.87,64.20
20170412_210612,17.07,985.88,63.95
20170412_210642,17.03,985.89,64.19
20170412_210712,17.07,985.89,63.90
20170412_210742,16.99,985.89,64.30
20170412_210812,16.97,985.93,64.36
20170412_210842,16.99,985.85,64.21
20170412_210912,17.00,985.94,64.25
20170412_210942,17.02,985.92,64.22
20170412_211012,16.99,985.84,64.34
20170412_211042,16.97,985.90,64.41
20170412_211112,16.95,985.88,64.49
20170412_211142,16.99,985.84,64.36
20170412_211212,16.94,985.92,64.59
20170412_211243,17.00,985.90,64.26
20170412_211313,16.96,985.87,64.45
20170412_211343,16.95,985.88,64.54
20170412_211413,16.98,985.85,64.38
20170412_211443,16.96,985.87,64.51
20170412_211513,16.92,985.87,64.63
20170412_211543,16.89,985.85,64.75
20170412_211613,16.83,985.79,64.95
20170412_211643,16.83,985.77,64.86
20170412_211713,16.87,985.79,64.88
20170412_211743,16.86,985.80,64.88
20170412_211813,16.84,985.75,64.95
20170412_211843,16.88,985.78,64.70
20170412_211913,16.85,985.72,64.95
20170412_211943,16.81,985.70,65.07
20170412_212013,16.78,985.70,65.14
20170412_212043,16.74,985.71,65.35
20170412_212113,16.74,985.70,65.32
20170412_212143,16.75,985.72,65.35
20170412_212213,16.74,985.70,65.40
20170412_212243,16.72,985.69,65.48
20170412_212313,16.65,985.74,65.69
20170412_212344,16.67,985.77,65.62
20170412_212414,16.68,985.76,65.62
20170412_212444,16.66,985.75,65.69
20170412_212514,16.60,985.74,65.89
20170412_212544,16.61,985.66,65.88
20170412_212614,16.70,985.62,65.61
20170412_212644,16.72,985.63,65.49
20170412_212714,16.67,985.59,65.72
20170412_212744,16.71,985.64,65.52
20170412_212814,16.73,985.63,65.49
20170412_212844,16.71,985.63,65.65
20170412_212914,16.71,985.66,65.63
20170412_212944,16.73,985.59,65.39
20170412_213014,16.75,985.60,65.47
20170412_213044,16.65,985.66,65.87
20170412_213114,16.60,985.67,65.99
20170412_213144,16.60,985.62,65.99
20170412_213214,16.65,985.64,65.92
20170412_213245,16.62,985.61,65.94
20170412_213315,16.60,985.59,66.06
20170412_213345,16.58,985.57,66.14
20170412_213415,16.57,985.62,66.07
20170412_213445,16.62,985.69,65.97
20170412_213515,16.57,985.61,66.23
20170412_213545,16.59,985.61,66.11
20170412_213615,16.61,985.62,66.01
20170412_213645,16.54,985.53,66.32
20170412_213715,16.52,985.62,66.41
20170412_213746,16.49,985.59,66.56
20170412_213816,16.57,985.61,66.30
20170412_213846,16.58,985.63,66.07
20170412_213916,16.67,985.61,65.87
20170412_213946,16.63,985.65,66.03
20170412_214016,16.51,985.65,66.53
20170412_214046,16.48,985.60,66.71
20170412_214116,16.51,985.60,66.61
20170412_214146,16.49,985.58,66.69
20170412_214216,16.48,985.58,66.76
20170412_214246,16.54,985.57,66.55
20170412_214316,16.50,985.51,66.78
20170412_214346,16.49,985.49,66.74
20170412_214416,16.47,985.51,66.89
20170412_214446,16.44,985.48,66.99
20170412_214516,16.50,985.52,66.68
20170412_214546,16.50,985.45,66.81
20170412_214616,16.56,985.49,66.52
20170412_214646,16.63,985.45,66.30
20170412_214716,16.62,985.48,66.43
20170412_214747,16.56,985.49,66.58
20170412_214817,16.64,985.44,66.26
20170412_214847,16.55,985.47,66.59
20170412_214917,16.56,985.41,66.60
20170412_214947,16.56,985.45,66.72
20170412_215017,16.62,985.42,66.45
20170412_215047,16.63,985.41,66.38
20170412_215117,16.63,985.45,66.44
20170412_215147,16.61,985.36,66.47
20170412_215217,16.70,985.38,66.06
20170412_215247,16.66,985.43,66.33
20170412_215317,16.71,985.35,66.10
20170412_215347,16.68,985.29,66.38
20170412_215417,16.68,985.32,66.18
20170412_215447,16.66,985.37,66.38
20170412_215517,16.56,985.29,66.71
20170412_215547,16.63,985.31,66.38
20170412_215617,16.59,985.32,66.65
20170412_215647,16.59,985.30,66.57
20170412_215717,16.57,985.26,66.68
20170412_215747,16.63,985.30,66.36
20170412_215817,16.60,985.27,66.62
20170412_215847,16.58,985.27,66.70
20170412_215918,16.56,985.23,66.72
20170412_215948,16.56,985.18,66.72
20170412_220018,16.51,985.22,66.97
20170412_220048,16.50,985.17,67.02
20170412_220118,16.47,985.16,67.09
20170412_220148,16.54,985.12,66.93
20170412_220218,16.46,985.14,67.14
20170412_220248,16.44,985.15,67.27
20170412_220318,16.44,985.15,67.25
20170412_220348,16.46,985.17,67.13
20170412_220418,16.46,985.13,67.17
20170412_220448,16.40,985.17,67.45
20170412_220518,16.36,985.18,67.62
20170412_220548,16.45,985.15,67.15
20170412_220618,16.52,985.16,67.02
20170412_220648,16.47,985.11,67.20
20170412_220718,16.47,985.12,67.21
20170412_220748,16.46,985.12,67.11
20170412_220818,16.48,985.14,67.12
20170412_220848,16.51,985.13,67.14
20170412_220918,16.47,985.15,67.28
20170412_220949,16.41,985.11,67.28
20170412_221019,16.39,985.18,67.43
20170412_221049,16.41,985.25,67.33
20170412_221119,16.51,985.24,66.98
20170412_221149,16.53,985.17,66.95
20170412_221219,16.48,985.20,67.05
20170412_221249,16.44,985.22,67.26
20170412_221319,16.46,985.24,67.15
20170412_221349,16.48,985.21,67.12
20170412_221419,16.47,985.23,67.12
20170412_221449,16.50,985.28,66.98
20170412_221519,16.64,985.27,66.41
20170412_221549,16.63,985.34,66.53
20170412_221619,16.63,985.36,66.56
20170412_221649,16.59,985.34,66.67
20170412_221719,16.55,985.36,66.84
20170412_221749,16.56,985.39,66.84
20170412_221819,16.56,985.43,66.84
20170412_221849,16.57,985.43,66.81
20170412_221919,16.56,985.42,66.88
20170412_221949,16.57,985.50,66.77
20170412_222019,16.58,985.44,66.71
20170412_222050,16.62,985.46,66.77
20170412_222120,16.64,985.51,66.75
20170412_222150,16.62,985.44,66.91
20170412_222220,16.59,985.47,66.88
20170412_222250,16.66,985.51,66.79
20170412_222320,16.63,985.53,66.82
20170412_222350,16.63,985.47,66.77
20170412_222420,16.67,985.47,66.62
20170412_222450,16.67,985.50,66.74
20170412_222520,16.68,985.48,66.72
20170412_222550,16.69,985.49,66.76
20170412_222620,16.74,985.53,67.00
20170412_222650,16.69,985.50,66.90
20170412_222720,16.72,985.54,66.85
20170412_222750,16.73,985.54,67.09
20170412_222820,16.68,985.52,67.33
20170412_222850,16.66,985.46,67.86
20170412_222920,16.60,985.42,68.06
20170412_222950,16.58,985.48,68.77
20170412_223020,16.63,985.39,68.81
20170412_223050,16.57,985.34,69.41
20170412_223120,16.48,985.38,70.16
20170412_223150,16.40,985.36,71.51
20170412_223221,16.37,985.32,71.19
20170412_223251,16.33,985.37,70.85
20170412_223321,16.28,985.41,70.99
20170412_223351,16.24,985.33,72.04
20170412_223421,16.20,985.40,73.07
20170412_223451,16.17,985.41,71.95
20170412_223521,16.14,985.50,73.56
20170412_223551,16.09,985.50,72.76
20170412_223621,15.97,985.58,73.71
20170412_223651,15.88,985.57,73.79
20170412_223721,15.79,985.54,74.80
20170412_223751,15.77,985.54,74.28
20170412_223821,15.83,985.65,74.55
20170412_223851,15.74,985.62,75.09
20170412_223921,15.76,985.60,74.46
20170412_223951,15.72,985.66,74.55
20170412_224021,15.71,985.53,75.45
20170412_224051,15.69,985.57,74.69
20170412_224121,15.65,985.59,75.60
20170412_224151,15.70,985.54,75.27
20170412_224221,15.70,985.56,75.36
20170412_224252,15.68,985.51,75.13
20170412_224322,15.76,985.53,76.03
20170412_224352,15.84,985.47,74.36
20170412_224422,15.87,985.43,75.17
20170412_224452,15.85,985.48,77.01
20170412_224522,15.83,985.48,76.41
20170412_224552,15.79,985.46,77.03
20170412_224622,15.78,985.40,77.19
20170412_224652,15.82,985.43,76.15
20170412_224722,15.84,985.36,75.44
20170412_224752,15.91,985.37,75.39
20170412_224822,15.99,985.34,75.25
20170412_224852,16.02,985.29,74.06
20170412_224922,16.30,985.33,73.51
20170412_224952,16.21,985.30,75.81
20170412_225022,16.13,985.25,74.99
20170412_225052,16.09,985.24,76.28
20170412_225122,16.04,985.35,76.32
20170412_225152,15.97,985.33,76.97
20170412_225222,15.91,985.32,77.87
20170412_225252,15.82,985.31,77.75
20170412_225322,15.78,985.34,78.55
20170412_225353,15.74,985.35,78.42
20170412_225423,15.71,985.34,79.75
20170412_225453,15.68,985.28,80.47
20170412_225523,15.70,985.28,79.43
20170412_225553,15.77,985.28,78.25
20170412_225623,15.75,985.32,77.89
20170412_225653,15.75,985.34,77.56
20170412_225723,15.75,985.31,77.37
20170412_225753,15.74,985.33,77.93
20170412_225823,15.71,985.28,79.60
20170412_225853,15.67,985.26,79.08
20170412_225923,15.64,985.24,79.29
20170412_225953,15.60,985.32,78.84
20170412_230023,15.63,985.27,78.95
20170412_230053,15.59,985.24,79.39
20170412_230123,15.66,985.30,78.80
20170412_230153,15.67,985.29,78.87
20170412_230223,15.72,985.26,77.03
20170412_230253,15.77,985.22,76.71
20170412_230323,15.81,985.17,76.81
20170412_230353,15.86,985.19,76.36
20170412_230423,15.84,985.22,76.86
20170412_230453,15.84,985.23,77.19
20170412_230524,15.87,985.20,76.58
20170412_230554,15.89,985.22,76.32
20170412_230624,15.90,985.22,76.99
20170412_230654,15.89,985.18,76.82
20170412_230724,15.90,985.19,76.55
20170412_230754,15.89,985.19,77.08
20170412_230824,15.89,985.12,76.94
20170412_230854,15.90,985.17,77.55
20170412_230924,15.93,985.22,76.84
20170412_230954,15.97,985.20,77.26
20170412_231024,15.95,985.19,77.56
20170412_231054,15.92,985.18,77.48
20170412_231124,15.93,985.07,77.84
20170412_231154,15.90,985.14,78.11
20170412_231224,15.93,985.13,76.60
20170412_231254,16.01,985.07,76.21
20170412_231324,16.02,985.09,76.62
20170412_231354,15.96,985.09,77.81
20170412_231424,15.90,985.11,77.97
20170412_231454,15.88,985.15,78.48
20170412_231524,15.89,985.04,77.86
20170412_231554,15.93,985.04,77.32
20170412_231625,15.93,985.04,78.42
20170412_231655,15.93,985.04,78.10
20170412_231725,15.92,985.06,77.00
20170412_231755,15.93,985.00,77.11
20170412_231825,16.01,985.05,76.34
20170412_231855,16.10,985.03,76.09
20170412_231925,16.05,985.05,76.60
20170412_231955,16.07,985.05,76.28
20170412_232025,16.07,985.08,76.30
20170412_232055,16.02,985.06,76.74
20170412_232125,16.02,985.11,76.53
20170412_232155,15.98,985.05,76.01
20170412_232225,16.00,985.08,77.10
20170412_232255,15.97,984.99,77.46
20170412_232325,15.96,985.07,78.37
20170412_232355,15.93,984.98,78.57
20170412_232425,15.94,984.97,77.81
20170412_232455,15.93,984.93,78.58
20170412_232525,15.95,984.93,78.65
20170412_232555,15.97,984.94,77.36
20170412_232625,16.03,984.90,76.36
20170412_232655,16.02,984.88,77.21
20170412_232726,15.98,984.82,77.44
20170412_232756,15.98,984.84,77.83
20170412_232826,16.01,984.81,76.65
20170412_232856,16.06,984.84,76.07
20170412_232926,16.11,984.71,75.80
20170412_232956,16.14,984.70,76.02
20170412_233026,16.10,984.74,75.21
20170412_233056,16.11,984.71,75.83
20170412_233126,16.09,984.75,76.19
20170412_233156,16.09,984.66,75.85
20170412_233226,16.06,984.73,76.80
20170412_233256,16.05,984.73,75.54
20170412_233326,16.07,984.80,75.95
20170412_233356,16.07,984.80,76.48
20170412_233426,16.07,984.81,76.72
20170412_233456,16.08,984.80,75.61
20170412_233526,16.05,984.87,77.06
20170412_233556,16.01,984.81,76.91
20170412_233626,15.98,984.80,76.88
20170412_233656,15.97,984.89,77.93
20170412_233726,15.94,984.83,77.46
20170412_233756,15.87,984.84,78.11
20170412_233827,15.86,984.84,77.34
20170412_233857,15.99,984.87,76.59
20170412_233927,15.97,984.87,77.72
20170412_233957,15.93,984.82,78.00
20170412_234027,15.92,984.79,78.03
20170412_234057,15.95,984.81,77.10
20170412_234127,15.97,984.81,77.54
20170412_234157,15.95,984.83,77.66
20170412_234227,16.01,984.85,77.03
20170412_234257,16.02,984.88,77.11
20170412_234327,16.04,984.88,76.80
20170412_234357,16.02,984.89,77.28
20170412_234427,16.00,984.90,77.56
20170412_234457,15.94,984.87,78.10
20170412_234527,15.94,984.89,78.26
20170412_234557,15.90,984.88,79.04
20170412_234627,15.89,984.87,78.27
20170412_234657,15.90,984.82,77.79
20170412_234727,15.90,984.81,78.07
20170412_234757,15.91,984.83,78.43
20170412_234827,15.94,984.87,77.30
20170412_234857,15.98,984.85,76.08
20170412_234928,15.93,984.83,76.97
20170412_234958,15.90,984.78,77.28
20170412_235028,15.90,984.80,76.89
20170412_235058,15.91,984.82,77.25
20170412_235128,15.93,984.79,76.66
20170412_235158,15.95,984.87,75.74
20170412_235228,16.04,984.81,75.27
20170412_235258,16.00,984.80,75.66
20170412_235328,15.98,984.83,75.51
20170412_235358,16.13,984.83,74.80
20170412_235428,16.08,984.80,74.15
20170412_235458,16.01,984.80,75.25
20170412_235528,15.97,984.87,75.49
20170412_235558,15.96,984.89,75.01
20170412_235628,15.98,984.88,75.57
20170412_235658,15.99,984.92,76.38
20170412_235728,15.99,984.91,76.55
20170412_235758,16.00,984.90,75.74
20170412_235828,15.99,984.95,77.79
20170412_235858,15.96,984.94,77.92
20170412_235928,15.91,985.01,75.81
20170412_235958,15.90,985.02,76.73
