20170223_083309,24.20,974.90,47.72
20170223_083310,24.22,974.88,47.95
20170223_083311,24.23,974.90,47.87
20170223_083315,24.23,974.87,46.76
20170223_083316,24.24,974.91,46.64
20170223_083317,24.26,974.88,46.51
20170223_083318,24.26,974.91,46.40
20170223_083319,24.26,974.90,46.31
20170223_083320,24.27,974.84,46.26
20170223_083321,24.27,974.92,46.22
20170223_083322,24.27,974.87,46.16
20170223_083323,24.28,974.88,46.14
20170223_083324,24.29,974.92,46.14
20170223_083325,24.29,974.94,46.23
20170223_083326,24.29,974.89,46.17
20170223_083327,24.29,974.89,46.08
20170223_083328,24.30,974.92,46.27
20170223_083329,24.30,974.90,46.23
20170223_083330,24.31,974.90,46.19
20170223_083331,24.31,974.89,46.16
20170223_083332,24.31,974.93,46.13
20170223_083333,24.31,974.89,46.03
20170223_083334,24.31,974.90,45.94
20170223_083335,24.32,974.94,45.86
20170223_083336,24.32,974.91,45.83
20170223_083337,24.32,974.93,45.79
20170223_083338,24.32,974.97,45.80
20170223_083339,24.32,974.91,45.88
20170223_083340,24.31,974.92,45.94
20170223_083341,24.31,974.92,45.98
20170223_083342,24.32,974.97,46.01
20170223_083343,24.32,974.93,46.03
20170223_083344,24.32,974.92,46.03
20170223_083346,24.32,974.89,46.03
20170223_083347,24.32,974.93,46.02
20170223_083348,24.33,974.91,46.02
20170223_083349,24.33,974.92,46.03
20170223_083350,24.33,974.91,46.03
20170223_083351,24.33,974.94,46.02
20170223_083352,24.33,974.89,46.01
20170223_083353,24.34,974.93,46.00
20170223_083354,24.34,974.89,46.00
20170223_083355,24.34,974.94,46.01
20170223_083356,24.34,974.94,46.02
20170223_083357,24.34,974.90,45.98
20170223_083358,24.33,974.91,45.93
20170223_083359,24.34,974.89,45.96
20170223_083400,24.34,974.89,45.93
20170223_083401,24.34,974.94,46.18
20170223_083402,24.35,974.90,46.36
20170223_083403,24.35,974.88,46.52
20170223_083404,24.36,974.91,46.51
20170223_083405,24.36,974.87,46.39
20170223_083406,24.36,974.90,46.34
20170223_083407,24.36,974.93,46.33
20170223_083408,24.37,974.96,46.34
20170223_083409,24.38,974.94,46.42
20170223_083410,24.38,974.88,46.44
20170223_083411,24.38,974.89,46.36
20170223_083412,24.38,974.90,46.26
20170223_083413,24.39,974.94,46.48
20170223_083414,24.40,974.98,46.85
20170223_083415,24.40,974.93,46.63
20170223_083416,24.39,974.90,46.41
20170223_083417,24.40,974.93,46.20
20170223_083418,24.39,974.99,46.07
20170223_083419,24.39,974.94,46.01
20170223_083420,24.40,974.94,45.96
20170223_083421,24.39,974.94,45.93
20170223_083422,24.40,974.94,45.91
20170223_083423,24.40,974.90,45.92
20170223_083424,24.40,974.96,45.92
20170223_083425,24.40,974.94,45.94
20170223_083426,24.40,974.92,45.96
20170223_083427,24.39,974.93,45.98
20170223_083428,24.40,974.95,46.02
20170223_083429,24.40,974.92,46.06
20170223_083430,24.40,974.88,46.11
20170223_083431,24.40,974.95,46.12
20170223_083432,24.40,974.92,46.08
20170223_083433,24.40,974.93,46.04
20170223_083434,24.40,974.95,46.13
20170223_083436,24.40,974.94,46.26
20170223_083437,24.40,974.92,46.46
20170223_083438,24.41,974.95,46.47
20170223_083439,24.41,974.87,46.35
20170223_083440,24.40,974.87,46.21
20170223_083441,24.40,974.94,46.12
20170223_083442,24.40,974.93,46.04
20170223_083443,24.40,974.90,46.03
20170223_083444,24.40,974.91,46.04
20170223_083445,24.41,974.85,46.04
20170223_083446,24.41,974.91,46.05
20170223_083447,24.40,974.90,46.04
20170223_083448,24.40,974.89,46.03
20170223_083449,24.40,974.91,46.01
20170223_083450,24.40,974.92,46.00
20170223_083451,24.41,974.89,46.01
20170223_083452,24.41,974.94,46.01
20170223_083453,24.41,974.93,46.00
20170223_083454,24.40,974.89,46.02
20170223_083455,24.40,974.88,46.01
20170223_083456,24.40,974.90,46.01
20170223_083457,24.40,974.87,46.01
20170223_083458,24.40,974.90,46.00
20170223_083459,24.41,974.96,46.00
20170223_083500,24.40,974.90,45.98
20170223_083501,24.40,974.89,45.98
20170223_083502,24.41,974.91,46.00
20170223_083503,24.40,974.93,46.01
20170223_083504,24.41,974.88,46.02
20170223_083505,24.41,974.87,46.01
20170223_083506,24.41,974.93,46.00
20170223_083507,24.41,974.92,46.00
20170223_083508,24.41,974.88,45.97
20170223_083509,24.41,974.88,45.97
20170223_083510,24.41,974.93,45.95
20170223_083511,24.40,974.89,45.95
20170223_083512,24.41,974.84,45.94
20170223_083513,24.41,974.88,45.95
20170223_083514,24.40,974.86,45.92
20170223_083515,24.41,974.87,45.90
20170223_083516,24.41,974.95,45.87
20170223_083517,24.41,974.89,45.88
20170223_083518,24.40,974.90,45.90
20170223_083519,24.41,974.86,45.88
20170223_083520,24.41,974.87,45.90
20170223_083521,24.41,974.87,45.91
20170223_083522,24.41,974.86,45.91
20170223_083523,24.41,974.89,45.91
20170223_083525,24.41,974.86,45.91
20170223_083526,24.41,974.85,46.32
20170223_083527,24.42,974.86,46.61
20170223_083528,24.42,974.88,46.70
20170223_083529,24.42,974.90,46.68
20170223_083530,24.42,974.90,47.03
20170223_083531,24.42,974.91,47.72
20170223_083532,24.41,974.88,47.32
20170223_083533,24.41,974.84,46.89
20170223_083534,24.41,974.88,46.59
20170223_083535,24.42,974.87,46.42
20170223_083536,24.41,974.88,46.30
20170223_083537,24.41,974.87,46.22
20170223_083538,24.41,974.88,46.16
20170223_083539,24.42,974.90,46.12
20170223_083540,24.42,974.86,46.07
20170223_083541,24.42,974.91,46.05
20170223_083542,24.42,974.90,46.03
20170223_083543,24.42,974.88,46.01
20170223_083544,24.42,974.90,46.00
20170223_083545,24.42,974.87,45.99
20170223_083546,24.42,974.88,45.98
20170223_083547,24.43,974.91,45.96
20170223_083548,24.42,974.90,45.95
20170223_083549,24.43,974.85,45.94
20170223_083550,24.43,974.93,45.93
20170223_083551,24.42,974.89,45.91
20170223_083552,24.43,974.93,45.91
20170223_083553,24.42,974.94,45.89
20170223_083554,24.42,974.87,45.85
20170223_083555,24.42,974.90,45.86
20170223_083556,24.43,974.93,45.87
20170223_083557,24.43,974.94,45.88
20170223_083558,24.44,974.89,45.88
20170223_083559,24.44,974.89,45.87
20170223_083600,24.44,974.94,45.85
20170223_083601,24.43,974.91,45.84
20170223_083602,24.44,974.90,45.83
20170223_083603,24.44,974.91,45.82
20170223_083604,24.44,974.88,45.81
20170223_083605,24.44,974.88,45.81
20170223_083606,24.44,974.87,45.81
20170223_083607,24.44,974.88,45.81
20170223_083608,24.44,974.88,45.80
20170223_083609,24.44,974.90,45.79
20170223_083610,24.44,974.88,45.79
20170223_083611,24.45,974.87,45.79
20170223_083613,24.44,974.87,45.80
20170223_083614,24.44,974.84,45.81
20170223_083615,24.44,974.87,45.85
20170223_083616,24.44,974.87,45.84
20170223_083617,24.44,974.89,45.81
20170223_083618,24.44,974.84,45.82
20170223_083619,24.44,974.88,45.81
20170223_083620,24.44,974.89,45.81
20170223_083621,24.45,974.87,45.82
20170223_083622,24.45,974.86,45.83
20170223_083623,24.45,974.88,45.82
20170223_083624,24.45,974.87,45.82
20170223_083625,24.45,974.92,45.82
20170223_083626,24.45,974.88,45.82
20170223_083627,24.45,974.84,45.81
20170223_083628,24.45,974.84,45.80
20170223_083629,24.44,974.86,45.79
20170223_083630,24.44,974.86,45.77
20170223_083631,24.44,974.86,45.75
20170223_083632,24.45,974.89,45.75
20170223_083633,24.44,974.87,45.77
20170223_083634,24.44,974.89,45.78
20170223_083635,24.45,974.86,45.78
20170223_083636,24.45,974.90,45.79
20170223_083637,24.45,974.92,45.81
20170223_083638,24.45,974.85,45.82
20170223_083639,24.45,974.91,45.83
20170223_083640,24.45,974.86,45.84
20170223_083641,24.45,974.86,45.86
20170223_083642,24.46,974.87,45.85
20170223_083643,24.45,974.87,45.83
20170223_083644,24.45,974.87,45.83
20170223_083645,24.45,974.87,45.81
20170223_083646,24.45,974.85,45.82
20170223_083647,24.45,974.82,45.79
20170223_083648,24.45,974.84,45.79
20170223_083649,24.45,974.83,45.79
20170223_083650,24.44,974.85,45.80
20170223_083651,24.45,974.83,45.82
20170223_083652,24.45,974.85,45.82
20170223_083653,24.44,974.86,45.80
20170223_083654,24.44,974.84,45.78
20170223_083655,24.45,974.87,45.78
20170223_083656,24.44,974.81,45.79
20170223_083657,24.44,974.85,45.81
20170223_083658,24.44,974.81,45.82
20170223_083659,24.44,974.83,45.83
20170223_083700,24.44,974.83,45.87
20170223_083702,24.44,974.86,45.85
20170223_083703,24.45,974.85,45.84
20170223_083704,24.44,974.82,45.82
20170223_083705,24.44,974.77,45.79
20170223_083706,24.45,974.84,45.91
20170223_083707,24.45,974.82,46.49
20170223_083708,24.46,974.86,46.61
20170223_083709,24.46,974.86,46.63
20170223_083710,24.45,974.86,46.57
20170223_083711,24.46,974.80,46.40
20170223_083712,24.45,974.79,46.17
20170223_083713,24.44,974.83,45.98
20170223_083714,24.44,974.84,45.91
20170223_083715,24.44,974.83,45.90
20170223_083716,24.44,974.81,45.87
20170223_083717,24.44,974.83,45.81
20170223_083718,24.44,974.85,45.78
20170223_083719,24.44,974.83,45.77
20170223_083720,24.45,974.81,45.77
20170223_083721,24.44,974.83,45.73
20170223_083722,24.45,974.83,45.73
20170223_083723,24.44,974.80,45.68
20170223_083724,24.44,974.77,45.61
20170223_083725,24.44,974.82,45.55
20170223_083726,24.44,974.81,45.52
20170223_083727,24.44,974.82,45.50
20170223_083728,24.43,974.82,45.52
20170223_083729,24.43,974.83,45.59
20170223_083730,24.44,974.80,45.64
20170223_083731,24.44,974.83,45.64
20170223_083732,24.44,974.81,45.65
20170223_083733,24.44,974.82,45.69
20170223_083734,24.44,974.81,45.71
20170223_083735,24.44,974.81,45.73
20170223_083736,24.44,974.84,45.74
20170223_083737,24.44,974.78,45.75
20170223_083738,24.43,974.80,45.78
20170223_083739,24.44,974.85,45.82
20170223_083740,24.43,974.84,45.85
20170223_083741,24.43,974.81,45.87
20170223_083742,24.43,974.82,45.89
20170223_083743,24.43,974.84,45.90
20170223_083744,24.43,974.85,45.91
20170223_083745,24.42,974.82,45.92
20170223_083746,24.42,974.83,45.93
20170223_083747,24.42,974.79,45.92
20170223_083748,24.43,974.85,45.93
20170223_083749,24.43,974.82,45.93
20170223_083751,24.42,974.83,45.93
20170223_083752,24.43,974.81,45.93
20170223_083753,24.43,974.81,45.93
20170223_083754,24.43,974.82,45.92
20170223_083755,24.43,974.81,45.92
20170223_083756,24.42,974.81,45.92
20170223_083757,24.43,974.86,45.92
20170223_083758,24.43,974.85,45.92
20170223_083759,24.43,974.82,45.92
20170223_083800,24.43,974.85,45.92
20170223_083801,24.43,974.85,45.91
20170223_083802,24.43,974.81,45.91
20170223_083803,24.42,974.84,45.92
20170223_083804,24.42,974.80,45.92
20170223_083805,24.42,974.78,45.94
20170223_083806,24.43,974.83,45.94
20170223_083807,24.43,974.83,45.94
20170223_083808,24.43,974.81,45.94
20170223_083809,24.43,974.82,45.94
20170223_083810,24.42,974.86,45.94
20170223_083811,24.42,974.80,45.94
20170223_083812,24.42,974.78,45.94
20170223_083813,24.42,974.80,45.93
20170223_083814,24.42,974.78,45.92
20170223_083815,24.42,974.82,45.90
20170223_083816,24.42,974.86,45.88
20170223_083817,24.41,974.81,45.87
20170223_083818,24.41,974.85,45.87
20170223_083819,24.41,974.81,45.86
20170223_083820,24.41,974.81,45.85
20170223_083821,24.42,974.84,45.85
20170223_083822,24.41,974.79,45.85
20170223_083823,24.41,974.83,45.84
20170223_083824,24.41,974.79,45.86
20170223_083825,24.41,974.79,45.85
20170223_083826,24.41,974.81,45.84
20170223_083827,24.41,974.84,45.81
20170223_083828,24.40,974.76,45.77
20170223_083829,24.40,974.81,45.74
20170223_083830,24.40,974.86,45.72
20170223_083831,24.40,974.81,45.72
20170223_083832,24.40,974.80,45.72
20170223_083833,24.40,974.81,45.73
20170223_083834,24.40,974.81,45.75
20170223_083835,24.40,974.81,45.73
20170223_083836,24.39,974.83,45.72
20170223_083837,24.39,974.81,45.69
20170223_083838,24.40,974.84,45.69
20170223_083840,24.39,974.85,45.71
20170223_083841,24.40,974.80,45.72
20170223_083842,24.40,974.76,45.73
20170223_083843,24.40,974.85,45.75
20170223_083844,24.40,974.85,45.77
20170223_083845,24.39,974.82,45.79
20170223_083846,24.39,974.79,45.81
20170223_083847,24.39,974.85,45.82
20170223_083848,24.39,974.79,45.84
20170223_083849,24.39,974.78,45.85
20170223_083850,24.39,974.79,45.86
20170223_083851,24.39,974.89,45.87
20170223_083852,24.38,974.81,45.88
20170223_083853,24.38,974.86,45.88
20170223_083854,24.38,974.78,45.88
20170223_083855,24.38,974.78,45.87
20170223_083856,24.38,974.81,45.88
20170223_083857,24.38,974.78,45.88
20170223_083858,24.38,974.85,45.88
20170223_083859,24.38,974.82,45.87
20170223_083900,24.38,974.81,45.87
20170223_083901,24.38,974.78,45.87
20170223_083902,24.37,974.81,45.85
20170223_083903,24.37,974.80,45.84
20170223_083904,24.37,974.83,45.82
20170223_083905,24.37,974.85,45.81
20170223_083906,24.37,974.82,45.82
20170223_083907,24.38,974.80,45.83
20170223_083908,24.37,974.84,45.82
20170223_083909,24.37,974.84,45.84
20170223_083910,24.37,974.86,45.85
20170223_083911,24.37,974.77,45.85
20170223_083912,24.37,974.83,45.84
20170223_083913,24.37,974.81,45.82
20170223_083914,24.37,974.90,45.82
20170223_083915,24.36,974.82,45.81
20170223_083916,24.36,974.81,45.81
20170223_083917,24.36,974.82,45.81
20170223_083918,24.36,974.82,45.81
20170223_083919,24.36,974.83,45.82
20170223_083920,24.36,974.81,45.82
20170223_083921,24.36,974.92,45.83
20170223_083922,24.35,974.83,45.84
20170223_083923,24.35,974.82,45.84
20170223_083924,24.36,974.80,45.86
20170223_083925,24.36,974.83,45.86
20170223_083926,24.36,974.83,45.86
20170223_083927,24.36,974.81,45.86
20170223_083929,24.35,974.84,45.86
20170223_083930,24.35,974.83,45.87
20170223_083931,24.35,974.82,45.87
20170223_083932,24.36,974.84,45.87
20170223_083933,24.36,974.87,45.88
20170223_083934,24.36,974.80,45.88
20170223_083935,24.36,974.82,45.88
20170223_083936,24.36,974.84,45.88
20170223_083937,24.35,974.83,45.87
20170223_083938,24.36,974.86,45.88
20170223_083939,24.36,974.81,45.88
20170223_083940,24.36,974.85,45.88
20170223_083941,24.36,974.83,45.88
20170223_083942,24.35,974.83,45.87
20170223_083943,24.35,974.83,45.87
20170223_083944,24.35,974.81,45.87
20170223_083945,24.36,974.87,45.87
20170223_083946,24.36,974.83,45.86
20170223_083947,24.36,974.87,45.86
20170223_083948,24.35,974.82,45.86
20170223_083949,24.35,974.85,45.86
20170223_083950,24.35,974.82,45.84
20170223_083951,24.35,974.85,45.86
20170223_083952,24.35,974.84,45.86
20170223_083953,24.35,974.86,45.86
20170223_083954,24.35,974.82,45.86
20170223_083955,24.35,974.81,45.84
20170223_083956,24.35,974.82,45.86
20170223_083957,24.35,974.84,45.86
20170223_083958,24.35,974.83,45.86
20170223_083959,24.35,974.84,45.86
20170223_084000,24.35,974.87,45.86
20170223_084001,24.35,974.81,45.86
20170223_084002,24.35,974.84,45.86
20170223_084003,24.35,974.84,45.86
20170223_084004,24.35,974.87,45.86
20170223_084005,24.35,974.86,45.87
20170223_084006,24.34,974.87,45.86
20170223_084007,24.35,974.88,45.87
20170223_084008,24.35,974.84,45.86
20170223_084009,24.35,974.85,45.86
20170223_084010,24.35,974.85,45.86
20170223_084011,24.35,974.86,45.86
20170223_084012,24.34,974.82,45.84
20170223_084013,24.34,974.88,45.87
20170223_084014,24.34,974.85,45.86
20170223_084015,24.34,974.89,45.86
20170223_084017,24.34,974.85,45.86
20170223_084018,24.34,974.85,45.86
20170223_084019,24.34,974.84,45.86
20170223_084020,24.34,974.81,45.86
20170223_084021,24.34,974.83,45.86
20170223_084022,24.34,974.85,45.86
20170223_084023,24.35,974.86,45.86
20170223_084024,24.35,974.85,45.86
20170223_084025,24.34,974.87,45.86
20170223_084026,24.34,974.87,45.84
20170223_084027,24.34,974.89,45.86
20170223_084028,24.35,974.83,45.84
20170223_084029,24.35,974.84,45.84
20170223_084030,24.34,974.89,45.84
20170223_084031,24.35,974.81,45.84
20170223_084032,24.35,974.89,45.83
20170223_084033,24.35,974.88,45.83
20170223_084034,24.35,974.86,45.83
20170223_084035,24.35,974.87,45.83
20170223_084036,24.35,974.85,45.84
20170223_084037,24.35,974.91,45.83
20170223_084038,24.34,974.85,45.84
20170223_084039,24.35,974.90,45.84
20170223_084040,24.35,974.88,45.84
20170223_084041,24.34,974.83,45.84
20170223_084042,24.34,974.86,45.83
20170223_084043,24.34,974.84,45.84
20170223_084044,24.34,974.91,45.84
20170223_084045,24.34,974.84,45.83
20170223_084046,24.34,974.87,45.84
20170223_084047,24.34,974.83,45.84
20170223_084048,24.34,974.88,45.84
20170223_084049,24.34,974.84,45.84
20170223_084050,24.34,974.88,45.86
20170223_084051,24.34,974.86,45.84
20170223_084052,24.33,974.83,45.84
20170223_084053,24.33,974.84,45.85
20170223_084054,24.34,974.86,45.85
20170223_084055,24.33,974.88,45.85
20170223_084056,24.33,974.87,45.85
20170223_084057,24.33,974.88,45.85
20170223_084058,24.33,974.82,45.85
20170223_084059,24.34,974.90,45.86
20170223_084100,24.33,974.89,45.87
20170223_084101,24.33,974.87,45.85
20170223_084102,24.33,974.86,45.87
20170223_084103,24.33,974.84,45.87
20170223_084105,24.33,974.86,45.85
20170223_084106,24.33,974.88,45.85
20170223_084107,24.34,974.85,45.84
20170223_084108,24.33,974.87,45.84
20170223_084109,24.33,974.85,45.83
20170223_084110,24.33,974.82,45.83
20170223_084111,24.33,974.84,45.83
20170223_084112,24.33,974.85,45.83
20170223_084113,24.33,974.82,45.83
20170223_084114,24.33,974.85,45.82
20170223_084115,24.33,974.86,45.84
20170223_084116,24.33,974.85,45.82
20170223_084117,24.33,974.86,45.81
20170223_084118,24.33,974.86,45.81
20170223_084119,24.33,974.85,45.81
20170223_084120,24.33,974.81,45.80
20170223_084121,24.33,974.82,45.79
20170223_084122,24.33,974.85,45.79
20170223_084123,24.33,974.89,45.79
20170223_084124,24.33,974.87,45.80
20170223_084125,24.33,974.86,45.80
20170223_084126,24.33,974.86,45.80
20170223_084127,24.33,974.85,45.80
20170223_084128,24.34,974.89,45.80
20170223_084129,24.34,974.87,45.80
20170223_084130,24.33,974.89,45.80
20170223_084131,24.33,974.85,45.80
20170223_084132,24.33,974.85,45.80
20170223_084133,24.33,974.86,45.79
20170223_084134,24.33,974.85,45.79
20170223_084135,24.33,974.81,45.78
20170223_084136,24.33,974.89,45.78
20170223_084137,24.33,974.89,45.78
20170223_084138,24.33,974.82,45.79
20170223_084139,24.33,974.85,45.78
20170223_084140,24.33,974.86,45.78
20170223_084141,24.33,974.85,45.76
20170223_084142,24.33,974.88,45.75
20170223_084143,24.33,974.82,45.75
20170223_084144,24.32,974.85,45.74
20170223_084145,24.32,974.84,45.74
20170223_084146,24.33,974.90,45.73
20170223_084147,24.33,974.86,45.74
20170223_084148,24.33,974.85,45.73
20170223_084149,24.32,974.88,45.74
20170223_084150,24.33,974.87,45.75
20170223_084151,24.32,974.81,45.76
20170223_084152,24.33,974.86,45.76
20170223_084153,24.33,974.82,45.76
20170223_084155,24.33,974.86,45.78
20170223_084156,24.33,974.84,45.78
20170223_084157,24.33,974.81,45.78
20170223_084158,24.32,974.82,45.78
20170223_084159,24.33,974.84,45.78
20170223_084200,24.33,974.80,45.78
20170223_084201,24.33,974.83,45.78
20170223_084202,24.33,974.87,45.78
20170223_084203,24.33,974.85,45.78
20170223_084204,24.33,974.90,45.78
20170223_084205,24.33,974.86,45.78
20170223_084206,24.33,974.81,45.76
20170223_084207,24.33,974.85,45.78
20170223_084208,24.33,974.84,45.78
20170223_084209,24.33,974.85,45.78
20170223_084210,24.33,974.87,45.78
20170223_084211,24.33,974.84,45.78
20170223_084212,24.33,974.85,45.78
20170223_084213,24.33,974.84,45.78
20170223_084214,24.33,974.86,45.78
20170223_084215,24.33,974.84,45.78
20170223_084216,24.33,974.86,45.78
20170223_084217,24.33,974.87,45.78
20170223_084218,24.33,974.86,45.78
20170223_084219,24.33,974.86,45.76
20170223_084220,24.33,974.87,45.78
20170223_084221,24.33,974.85,45.78
20170223_084222,24.33,974.87,45.78
20170223_084223,24.33,974.84,45.78
20170223_084224,24.33,974.88,45.78
20170223_084225,24.33,974.84,45.78
20170223_084226,24.33,974.88,45.76
20170223_084227,24.33,974.86,45.76
20170223_084228,24.34,974.87,45.77
20170223_084229,24.33,974.91,45.76
20170223_084230,24.33,974.81,45.75
20170223_084231,24.33,974.84,45.75
20170223_084232,24.33,974.88,45.75
20170223_084233,24.34,974.82,45.75
20170223_084234,24.33,974.82,45.76
20170223_084235,24.33,974.88,45.75
20170223_084236,24.34,974.89,45.75
20170223_084237,24.34,974.87,45.75
20170223_084238,24.34,974.83,45.74
20170223_084239,24.34,974.83,45.74
20170223_084240,24.34,974.83,45.74
20170223_084241,24.33,974.91,45.74
20170223_084243,24.32,974.86,45.73
20170223_084244,24.33,974.82,45.74
20170223_084245,24.33,974.88,45.73
20170223_084246,24.32,974.85,45.72
20170223_084247,24.32,974.89,45.70
20170223_084248,24.32,974.87,45.69
20170223_084249,24.32,974.82,45.65
20170223_084250,24.32,974.82,45.62
20170223_084251,24.32,974.82,45.59
20170223_084252,24.31,974.84,45.54
20170223_084253,24.31,974.81,45.48
20170223_084254,24.31,974.88,45.46
20170223_084255,24.31,974.86,45.44
20170223_084256,24.31,974.88,45.43
20170223_084257,24.31,974.87,45.42
20170223_084258,24.31,974.85,45.42
20170223_084259,24.30,974.90,45.45
20170223_084300,24.30,974.86,45.47
20170223_084301,24.30,974.82,45.50
20170223_084302,24.30,974.83,45.52
20170223_084303,24.30,974.89,45.55
20170223_084304,24.30,974.84,45.58
20170223_084305,24.31,974.88,45.62
20170223_084306,24.31,974.86,45.63
20170223_084307,24.30,974.86,45.64
20170223_084308,24.30,974.87,45.71
20170223_084309,24.30,974.86,45.77
20170223_084310,24.31,974.83,45.82
20170223_084311,24.30,974.83,45.78
20170223_084312,24.30,974.85,45.81
20170223_084313,24.31,974.84,45.81
20170223_084314,24.30,974.84,45.88
20170223_084315,24.30,974.81,45.95
20170223_084316,24.29,974.82,45.97
20170223_084317,24.29,974.82,45.95
20170223_084318,24.29,974.82,45.97
20170223_084319,24.29,974.83,46.00
20170223_084320,24.29,974.83,46.01
20170223_084321,24.29,974.82,46.01
20170223_084322,24.29,974.83,46.01
20170223_084323,24.29,974.87,46.00
20170223_084324,24.29,974.84,45.98
20170223_084325,24.29,974.83,45.97
20170223_084326,24.29,974.81,45.96
20170223_084327,24.29,974.79,45.96
20170223_084328,24.29,974.85,45.95
20170223_084329,24.28,974.80,45.93
20170223_084330,24.29,974.88,45.91
20170223_084332,24.28,974.78,45.88
20170223_084333,24.29,974.85,45.87
20170223_084334,24.29,974.84,45.87
20170223_084335,24.28,974.80,45.86
20170223_084336,24.28,974.80,45.86
20170223_084337,24.29,974.82,45.85
20170223_084338,24.28,974.83,45.85
20170223_084339,24.29,974.86,45.84
20170223_084340,24.29,974.76,45.84
20170223_084341,24.29,974.81,45.84
20170223_084342,24.29,974.75,45.85
20170223_084343,24.29,974.83,45.86
20170223_084344,24.29,974.81,45.88
20170223_084345,24.29,974.88,45.89
20170223_084346,24.29,974.78,45.92
20170223_084347,24.29,974.81,45.92
20170223_084348,24.29,974.83,45.93
20170223_084349,24.29,974.79,45.94
20170223_084350,24.28,974.80,45.94
20170223_084351,24.28,974.84,45.95
20170223_084352,24.28,974.78,45.94
20170223_084353,24.28,974.82,45.94
20170223_084354,24.28,974.81,45.94
20170223_084355,24.29,974.81,45.93
20170223_084356,24.29,974.81,45.93
20170223_084357,24.30,974.85,45.93
20170223_084358,24.30,974.82,45.92
20170223_084359,24.30,974.78,45.91
20170223_084400,24.30,974.78,45.91
20170223_084401,24.30,974.81,45.90
20170223_084402,24.30,974.81,45.90
20170223_084403,24.30,974.80,45.92
20170223_084404,24.31,974.83,46.16
20170223_084405,24.31,974.78,46.33
20170223_084406,24.31,974.79,46.25
20170223_084407,24.31,974.79,46.16
20170223_084408,24.31,974.80,46.10
20170223_084409,24.31,974.82,46.02
20170223_084410,24.30,974.78,45.95
20170223_084411,24.31,974.79,45.90
20170223_084412,24.30,974.80,45.87
20170223_084413,24.30,974.77,45.90
20170223_084414,24.30,974.77,45.93
20170223_084415,24.30,974.80,45.94
20170223_084416,24.30,974.82,45.95
20170223_084417,24.30,974.78,45.95
20170223_084418,24.30,974.80,45.95
20170223_084419,24.30,974.78,45.95
20170223_084421,24.30,974.84,45.95
20170223_084422,24.30,974.78,45.94
20170223_084423,24.30,974.78,45.94
20170223_084424,24.30,974.79,45.95
20170223_084425,24.30,974.79,45.96
20170223_084426,24.30,974.78,45.99
20170223_084427,24.30,974.80,45.99
20170223_084428,24.30,974.78,46.00
20170223_084429,24.30,974.82,46.01
20170223_084430,24.30,974.75,46.01
20170223_084431,24.30,974.74,46.02
20170223_084432,24.31,974.80,46.02
20170223_084433,24.31,974.73,46.02
20170223_084434,24.31,974.79,46.02
20170223_084435,24.31,974.83,46.02
20170223_084436,24.30,974.80,46.04
20170223_084437,24.30,974.79,46.05
20170223_084438,24.30,974.80,46.06
20170223_084439,24.30,974.74,46.07
20170223_084440,24.30,974.79,46.07
20170223_084441,24.30,974.78,46.08
20170223_084442,24.30,974.78,46.08
20170223_084443,24.30,974.80,46.08
20170223_084444,24.30,974.79,46.07
20170223_084445,24.29,974.83,46.07
20170223_084446,24.29,974.79,46.07
20170223_084447,24.29,974.75,46.08
20170223_084448,24.29,974.81,46.10
20170223_084449,24.28,974.75,46.08
20170223_084450,24.28,974.75,46.07
20170223_084451,24.29,974.80,46.08
20170223_084452,24.29,974.75,46.06
20170223_084453,24.30,974.80,46.01
20170223_084454,24.29,974.80,45.95
20170223_084455,24.29,974.79,45.92
20170223_084456,24.29,974.79,45.92
20170223_084457,24.30,974.77,45.91
20170223_084458,24.30,974.76,45.91
20170223_084459,24.31,974.80,45.91
20170223_084500,24.31,974.78,45.92
20170223_084501,24.31,974.79,45.92
20170223_084502,24.31,974.76,45.92
20170223_084503,24.31,974.80,45.91
20170223_084504,24.31,974.79,45.90
20170223_084505,24.31,974.80,45.90
20170223_084506,24.31,974.79,45.90
20170223_084507,24.31,974.81,45.89
20170223_084509,24.30,974.80,45.88
20170223_084510,24.31,974.79,45.89
20170223_084511,24.30,974.78,45.90
20170223_084512,24.30,974.74,45.90
20170223_084513,24.30,974.75,45.90
20170223_084514,24.30,974.77,45.90
20170223_084515,24.31,974.75,45.90
20170223_084516,24.30,974.77,45.90
20170223_084517,24.30,974.76,45.88
20170223_084518,24.31,974.80,45.89
20170223_084519,24.31,974.76,45.85
20170223_084520,24.31,974.78,45.85
20170223_084521,24.31,974.80,45.86
20170223_084522,24.31,974.76,45.87
20170223_084523,24.31,974.79,45.89
20170223_084524,24.31,974.72,45.90
20170223_084525,24.30,974.75,45.88
20170223_084526,24.30,974.79,45.90
20170223_084527,24.30,974.76,45.92
20170223_084528,24.30,974.76,45.93
20170223_084529,24.30,974.75,45.94
20170223_084530,24.30,974.76,45.95
20170223_084531,24.30,974.78,45.96
20170223_084532,24.30,974.72,45.95
20170223_084533,24.30,974.79,45.96
20170223_084534,24.30,974.76,45.95
20170223_084535,24.30,974.72,45.94
20170223_084536,24.30,974.78,45.93
20170223_084537,24.30,974.72,45.94
20170223_084538,24.30,974.75,45.94
20170223_084539,24.30,974.75,45.94
20170223_084540,24.29,974.74,45.95
20170223_084541,24.29,974.77,45.96
20170223_084542,24.30,974.70,45.96
20170223_084543,24.30,974.75,45.97
20170223_084544,24.29,974.75,45.96
20170223_084545,24.29,974.74,45.96
20170223_084546,24.30,974.73,45.95
20170223_084547,24.29,974.74,45.91
20170223_084548,24.30,974.75,45.88
20170223_084549,24.30,974.69,45.86
20170223_084550,24.30,974.73,45.85
20170223_084551,24.30,974.69,45.85
20170223_084552,24.30,974.69,45.84
20170223_084553,24.30,974.73,45.82
20170223_084554,24.30,974.71,45.80
20170223_084555,24.30,974.76,45.78
20170223_084556,24.30,974.71,45.78
20170223_084557,24.30,974.74,45.80
20170223_084559,24.30,974.72,45.81
20170223_084600,24.30,974.75,45.82
20170223_084601,24.30,974.76,45.83
20170223_084602,24.30,974.68,45.84
20170223_084603,24.30,974.74,45.84
20170223_084604,24.31,974.75,45.85
20170223_084605,24.30,974.73,45.85
20170223_084606,24.30,974.74,45.86
20170223_084607,24.30,974.70,45.86
20170223_084608,24.30,974.73,45.85
20170223_084609,24.31,974.70,45.85
20170223_084610,24.31,974.73,45.84
20170223_084611,24.31,974.69,45.85
20170223_084612,24.31,974.72,45.85
20170223_084613,24.31,974.71,45.85
20170223_084614,24.31,974.69,45.85
20170223_084615,24.31,974.70,45.85
20170223_084616,24.31,974.72,45.86
20170223_084617,24.32,974.72,45.86
20170223_084618,24.31,974.75,45.85
20170223_084619,24.31,974.68,45.85
20170223_084620,24.31,974.68,45.85
20170223_084621,24.32,974.70,45.85
20170223_084622,24.31,974.68,45.84
20170223_084623,24.31,974.69,45.84
20170223_084624,24.31,974.68,45.84
20170223_084625,24.32,974.66,45.84
20170223_084626,24.31,974.69,45.84
20170223_084627,24.31,974.69,45.84
20170223_084628,24.32,974.74,45.84
20170223_084629,24.31,974.65,45.84
20170223_084630,24.32,974.70,45.84
20170223_084631,24.32,974.68,45.84
20170223_084632,24.32,974.73,45.84
20170223_084633,24.32,974.71,45.84
20170223_084634,24.32,974.67,45.86
20170223_084635,24.32,974.70,46.00
20170223_084636,24.33,974.68,46.02
20170223_084637,24.32,974.71,45.98
20170223_084638,24.32,974.66,46.03
20170223_084639,24.32,974.68,46.19
20170223_084640,24.33,974.72,46.10
20170223_084641,24.33,974.74,46.01
20170223_084642,24.33,974.68,45.95
20170223_084643,24.33,974.69,45.92
20170223_084644,24.33,974.72,45.90
20170223_084645,24.33,974.72,45.88
20170223_084647,24.32,974.69,45.88
20170223_084648,24.32,974.68,45.86
20170223_084649,24.33,974.66,45.86
20170223_084650,24.32,974.65,45.86
20170223_084651,24.33,974.70,45.85
20170223_084652,24.33,974.67,45.85
20170223_084653,24.33,974.70,45.84
20170223_084654,24.33,974.68,45.84
20170223_084655,24.33,974.67,45.84
20170223_084656,24.32,974.70,45.84
20170223_084657,24.32,974.67,45.84
20170223_084658,24.33,974.70,45.84
20170223_084659,24.33,974.70,45.84
20170223_084700,24.33,974.67,45.83
20170223_084701,24.33,974.70,45.84
20170223_084702,24.33,974.70,45.84
20170223_084703,24.33,974.65,45.83
20170223_084704,24.33,974.72,45.84
20170223_084705,24.33,974.67,45.83
20170223_084706,24.33,974.63,45.83
20170223_084707,24.33,974.68,45.83
20170223_084708,24.33,974.68,45.83
20170223_084709,24.32,974.72,45.82
20170223_084710,24.33,974.72,45.82
20170223_084711,24.33,974.70,45.82
20170223_084712,24.33,974.72,45.82
20170223_084713,24.33,974.67,45.82
20170223_084714,24.33,974.68,45.81
20170223_084715,24.33,974.66,45.81
20170223_084716,24.33,974.71,45.81
20170223_084717,24.34,974.70,45.80
20170223_084718,24.34,974.70,45.79
20170223_084719,24.33,974.66,45.79
20170223_084720,24.33,974.72,45.78
20170223_084721,24.33,974.70,45.76
20170223_084722,24.33,974.66,45.76
20170223_084723,24.33,974.71,45.76
20170223_084724,24.33,974.67,45.75
20170223_084725,24.34,974.71,45.75
20170223_084726,24.34,974.69,45.76
20170223_084727,24.34,974.70,45.77
20170223_084728,24.34,974.72,45.75
20170223_084729,24.34,974.68,45.75
20170223_084730,24.34,974.71,45.75
20170223_084731,24.34,974.69,45.73
20170223_084732,24.33,974.73,45.72
20170223_084733,24.33,974.69,45.72
20170223_084734,24.34,974.72,45.72
20170223_084736,24.33,974.64,45.71
20170223_084737,24.33,974.72,45.71
20170223_084738,24.33,974.69,45.71
20170223_084739,24.34,974.68,45.70
20170223_084740,24.34,974.70,45.70
20170223_084741,24.34,974.73,45.69
20170223_084742,24.34,974.69,45.69
20170223_084743,24.34,974.70,45.69
20170223_084744,24.34,974.70,45.69
20170223_084745,24.34,974.75,45.68
20170223_084746,24.34,974.68,45.68
20170223_084747,24.34,974.67,45.68
20170223_084748,24.34,974.68,45.68
20170223_084749,24.35,974.67,45.68
20170223_084750,24.35,974.67,45.67
20170223_084751,24.35,974.69,45.67
20170223_084752,24.35,974.67,45.67
20170223_084753,24.36,974.70,45.67
20170223_084754,24.35,974.71,45.67
20170223_084755,24.35,974.63,45.66
20170223_084756,24.35,974.69,45.67
20170223_084757,24.36,974.70,45.67
20170223_084758,24.36,974.72,45.66
20170223_084759,24.36,974.71,45.66
20170223_084800,24.36,974.65,45.66
20170223_084801,24.36,974.66,45.66
20170223_084802,24.36,974.68,45.67
20170223_084803,24.35,974.66,45.67
20170223_084804,24.36,974.66,45.67
20170223_084805,24.36,974.71,45.67
20170223_084806,24.36,974.70,45.67
20170223_084807,24.36,974.67,45.67
20170223_084808,24.36,974.70,45.67
20170223_084809,24.36,974.66,45.67
20170223_084810,24.36,974.68,45.66
20170223_084811,24.37,974.68,45.67
20170223_084812,24.37,974.68,45.66
20170223_084813,24.37,974.68,45.66
20170223_084814,24.36,974.68,45.66
20170223_084815,24.37,974.68,45.66
20170223_084816,24.36,974.70,45.65
20170223_084817,24.37,974.72,45.65
20170223_084818,24.37,974.71,45.64
20170223_084819,24.37,974.71,45.65
20170223_084820,24.37,974.72,45.66
20170223_084821,24.37,974.71,45.65
20170223_084822,24.37,974.64,45.64
20170223_084823,24.37,974.67,45.65
20170223_084825,24.37,974.70,45.64
20170223_084826,24.37,974.73,45.64
20170223_084827,24.38,974.68,45.64
20170223_084828,24.37,974.70,45.64
20170223_084829,24.37,974.72,45.64
20170223_084830,24.38,974.67,45.64
20170223_084831,24.38,974.71,45.64
20170223_084832,24.38,974.72,45.64
20170223_084833,24.38,974.70,45.64
20170223_084834,24.38,974.75,45.63
20170223_084835,24.38,974.71,45.63
20170223_084836,24.38,974.65,45.63
20170223_084837,24.38,974.71,45.63
20170223_084838,24.38,974.71,45.61
20170223_084839,24.38,974.75,45.62
20170223_084840,24.38,974.71,45.62
20170223_084841,24.38,974.70,45.63
20170223_084842,24.38,974.71,45.61
20170223_084843,24.38,974.67,45.61
20170223_084844,24.38,974.73,45.61
20170223_084845,24.38,974.71,45.61
20170223_084846,24.38,974.71,45.61
20170223_084847,24.37,974.71,45.61
20170223_084848,24.37,974.64,45.61
20170223_084849,24.37,974.69,45.61
20170223_084850,24.37,974.68,45.61
20170223_084851,24.38,974.70,45.61
20170223_084852,24.37,974.69,45.61
20170223_084853,24.38,974.71,45.60
20170223_084854,24.38,974.67,45.60
20170223_084855,24.38,974.68,45.60
20170223_084856,24.38,974.66,45.60
20170223_084857,24.38,974.69,45.61
20170223_084858,24.38,974.68,45.60
20170223_084859,24.38,974.67,45.59
20170223_084900,24.38,974.70,45.59
20170223_084901,24.38,974.70,45.60
20170223_084902,24.37,974.70,45.59
20170223_084903,24.38,974.71,45.59
20170223_084904,24.37,974.69,45.60
20170223_084905,24.38,974.71,45.60
20170223_084906,24.37,974.71,45.60
20170223_084907,24.37,974.71,45.59
20170223_084908,24.38,974.71,45.60
20170223_084909,24.37,974.73,45.59
20170223_084911,24.37,974.71,45.59
20170223_084912,24.37,974.72,45.59
20170223_084913,24.37,974.70,45.58
20170223_084914,24.38,974.71,45.58
20170223_084915,24.37,974.73,45.58
20170223_084916,24.38,974.75,45.59
20170223_084917,24.37,974.71,45.59
20170223_084918,24.38,974.66,45.59
20170223_084919,24.38,974.70,45.59
20170223_084920,24.38,974.76,45.59
20170223_084921,24.38,974.71,45.59
20170223_084922,24.38,974.67,45.59
20170223_084923,24.38,974.68,45.59
20170223_084924,24.38,974.70,45.59
20170223_084925,24.39,974.69,45.59
20170223_084926,24.39,974.73,45.59
20170223_084927,24.39,974.70,45.59
20170223_084928,24.40,974.74,45.59
20170223_084929,24.39,974.74,45.58
20170223_084930,24.39,974.70,45.58
20170223_084931,24.39,974.70,45.59
20170223_084932,24.39,974.71,45.58
20170223_084933,24.39,974.73,45.58
20170223_084934,24.39,974.70,45.58
20170223_084935,24.39,974.69,45.58
20170223_084936,24.39,974.71,45.58
20170223_084937,24.40,974.73,45.58
20170223_084938,24.39,974.71,45.58
20170223_084939,24.40,974.72,45.57
20170223_084940,24.40,974.73,45.57
20170223_084941,24.40,974.73,45.57
20170223_084942,24.40,974.71,45.57
20170223_084943,24.39,974.73,45.58
20170223_084944,24.40,974.73,45.57
20170223_084945,24.40,974.72,45.58
20170223_084946,24.39,974.72,45.57
20170223_084947,24.40,974.73,45.58
20170223_084948,24.39,974.70,45.58
20170223_084949,24.40,974.72,45.58
20170223_084950,24.39,974.78,45.58
20170223_084951,24.40,974.73,45.58
20170223_084952,24.39,974.75,45.59
20170223_084954,24.40,974.77,45.59
20170223_084955,24.39,974.73,45.59
20170223_084956,24.39,974.71,45.60
20170223_084957,24.38,974.68,45.62
20170223_084958,24.39,974.72,45.64
20170223_084959,24.39,974.73,45.66
20170223_085000,24.40,974.73,45.67
20170223_085001,24.40,974.71,45.68
20170223_085002,24.40,974.73,45.69
20170223_085003,24.39,974.76,45.68
20170223_085004,24.39,974.69,45.69
20170223_085005,24.38,974.71,45.70
20170223_085006,24.38,974.76,45.71
20170223_085007,24.38,974.75,45.73
20170223_085008,24.38,974.72,45.73
20170223_085009,24.39,974.74,45.74
20170223_085010,24.38,974.75,45.74
20170223_085011,24.38,974.74,45.75
20170223_085012,24.37,974.71,45.75
20170223_085013,24.37,974.71,45.75
20170223_085014,24.38,974.70,45.76
20170223_085015,24.38,974.71,45.76
20170223_085016,24.38,974.72,45.76
20170223_085017,24.37,974.74,45.76
20170223_085018,24.38,974.76,45.75
20170223_085019,24.37,974.72,45.75
20170223_085020,24.37,974.76,45.75
20170223_085021,24.37,974.75,45.74
20170223_085022,24.38,974.72,45.74
20170223_085023,24.37,974.72,45.72
20170223_085024,24.37,974.68,45.74
20170223_085025,24.38,974.75,45.74
20170223_085026,24.38,974.76,45.75
20170223_085027,24.38,974.72,45.75
20170223_085028,24.38,974.74,45.74
20170223_085029,24.38,974.75,45.74
20170223_085030,24.38,974.73,45.74
20170223_085031,24.38,974.73,45.74
20170223_085032,24.38,974.75,45.74
20170223_085033,24.38,974.70,45.74
20170223_085034,24.38,974.72,45.74
20170223_085035,24.38,974.74,45.74
20170223_085037,24.39,974.77,45.73
20170223_085038,24.38,974.70,45.73
20170223_085039,24.38,974.74,45.73
20170223_085040,24.38,974.75,45.71
20170223_085041,24.38,974.75,45.71
20170223_085042,24.38,974.75,45.73
20170223_085043,24.38,974.70,45.70
20170223_085044,24.38,974.72,45.70
20170223_085045,24.38,974.76,45.70
20170223_085046,24.37,974.72,45.69
20170223_085047,24.38,974.74,45.69
20170223_085048,24.38,974.74,45.68
20170223_085049,24.38,974.77,45.69
20170223_085050,24.37,974.73,45.69
20170223_085051,24.38,974.76,45.68
20170223_085052,24.38,974.74,45.68
20170223_085053,24.38,974.78,45.68
20170223_085054,24.38,974.79,45.68
20170223_085055,24.38,974.75,45.69
20170223_085056,24.38,974.75,45.69
20170223_085057,24.38,974.75,45.70
20170223_085058,24.38,974.78,45.73
20170223_085059,24.38,974.75,45.73
20170223_085100,24.38,974.76,45.73
20170223_085101,24.38,974.78,45.73
20170223_085102,24.38,974.74,45.73
20170223_085103,24.38,974.76,45.73
20170223_085104,24.38,974.76,45.71
20170223_085105,24.38,974.75,45.71
20170223_085106,24.38,974.73,45.70
20170223_085107,24.38,974.73,45.71
20170223_085108,24.38,974.70,45.73
20170223_085109,24.38,974.73,45.73
20170223_085110,24.38,974.78,45.71
20170223_085111,24.37,974.76,45.70
20170223_085112,24.38,974.78,45.69
20170223_085113,24.37,974.78,45.69
20170223_085114,24.37,974.76,45.69
20170223_085115,24.37,974.75,45.69
20170223_085116,24.36,974.80,45.70
20170223_085117,24.36,974.77,45.70
20170223_085118,24.36,974.75,45.70
20170223_085119,24.36,974.75,45.72
20170223_085120,24.36,974.78,45.75
20170223_085122,24.37,974.77,45.75
20170223_085123,24.36,974.78,45.76
20170223_085124,24.36,974.71,45.76
20170223_085125,24.36,974.82,45.77
20170223_085126,24.36,974.78,45.76
20170223_085127,24.36,974.74,45.76
20170223_085128,24.36,974.82,45.76
20170223_085129,24.36,974.74,45.76
20170223_085130,24.36,974.77,45.76
20170223_085131,24.36,974.74,45.76
20170223_085132,24.35,974.77,45.76
20170223_085133,24.36,974.79,45.75
20170223_085134,24.36,974.77,45.76
20170223_085135,24.36,974.73,45.76
20170223_085136,24.36,974.83,45.76
20170223_085137,24.36,974.77,45.76
20170223_085138,24.36,974.80,45.76
20170223_085139,24.36,974.77,45.75
20170223_085140,24.36,974.78,45.73
20170223_085141,24.36,974.80,45.72
20170223_085142,24.36,974.77,45.72
20170223_085143,24.36,974.79,45.72
20170223_085144,24.36,974.80,45.72
20170223_085145,24.36,974.75,45.72
20170223_085146,24.37,974.76,45.71
20170223_085147,24.36,974.74,45.70
20170223_085148,24.36,974.82,45.72
20170223_085149,24.36,974.83,45.74
20170223_085150,24.36,974.80,45.75
20170223_085151,24.36,974.79,45.75
20170223_085152,24.36,974.82,45.75
20170223_085153,24.37,974.81,45.74
20170223_085154,24.36,974.78,45.72
20170223_085155,24.36,974.82,45.71
20170223_085156,24.36,974.82,45.69
20170223_085157,24.36,974.76,45.68
20170223_085158,24.36,974.82,45.67
20170223_085159,24.36,974.80,45.65
20170223_085200,24.36,974.80,45.63
20170223_085201,24.36,974.81,45.62
20170223_085202,24.36,974.78,45.62
20170223_085203,24.36,974.82,45.63
20170223_085205,24.36,974.82,45.64
20170223_085206,24.37,974.84,45.64
20170223_085207,24.37,974.79,45.64
20170223_085208,24.36,974.81,45.64
20170223_085209,24.36,974.78,45.64
20170223_085210,24.36,974.87,45.65
20170223_085211,24.36,974.84,45.67
20170223_085212,24.36,974.81,45.68
20170223_085213,24.36,974.84,45.70
20170223_085214,24.37,974.78,45.71
20170223_085215,24.36,974.81,45.72
20170223_085216,24.37,974.79,45.74
20170223_085217,24.36,974.78,45.74
20170223_085218,24.36,974.79,45.74
20170223_085219,24.36,974.75,45.73
20170223_085220,24.36,974.85,45.74
20170223_085221,24.36,974.81,45.73
20170223_085222,24.36,974.88,45.75
20170223_085223,24.36,974.83,45.75
20170223_085224,24.36,974.83,45.75
20170223_085225,24.36,974.82,45.75
20170223_085226,24.36,974.82,45.74
20170223_085227,24.36,974.82,45.71
20170223_085228,24.36,974.82,45.70
20170223_085229,24.36,974.80,45.69
20170223_085230,24.36,974.80,45.69
20170223_085231,24.36,974.82,45.69
20170223_085232,24.37,974.80,45.69
20170223_085233,24.36,974.83,45.68
20170223_085234,24.36,974.86,45.69
20170223_085235,24.36,974.85,45.68
20170223_085236,24.36,974.83,45.67
20170223_085237,24.36,974.79,45.67
20170223_085238,24.36,974.85,45.66
20170223_085239,24.37,974.84,45.65
20170223_085240,24.36,974.85,45.65
20170223_085241,24.36,974.89,45.65
20170223_085242,24.36,974.83,45.65
20170223_085243,24.36,974.83,45.66
20170223_085244,24.36,974.86,45.67
20170223_085245,24.37,974.83,45.67
20170223_085246,24.36,974.84,45.67
20170223_085248,24.37,974.82,45.67
20170223_085249,24.37,974.87,45.66
20170223_085250,24.37,974.85,45.64
20170223_085251,24.37,974.85,45.62
20170223_085252,24.37,974.84,45.60
20170223_085253,24.37,974.83,45.59
20170223_085254,24.36,974.84,45.57
20170223_085255,24.36,974.82,45.57
20170223_085256,24.36,974.85,45.56
20170223_085257,24.36,974.86,45.61
20170223_085258,24.37,974.81,45.65
20170223_085259,24.36,974.85,45.66
20170223_085300,24.36,974.89,45.68
20170223_085301,24.36,974.81,45.70
20170223_085302,24.36,974.87,45.71
20170223_085303,24.36,974.88,45.72
20170223_085304,24.36,974.87,45.72
20170223_085305,24.36,974.90,45.72
20170223_085306,24.36,974.90,45.72
20170223_085307,24.36,974.85,45.71
20170223_085308,24.36,974.87,45.71
20170223_085309,24.36,974.86,45.70
20170223_085310,24.36,974.87,45.69
20170223_085311,24.37,974.88,45.68
20170223_085312,24.36,974.86,45.66
20170223_085313,24.36,974.90,45.62
20170223_085314,24.36,974.84,45.61
20170223_085315,24.36,974.86,45.61
20170223_085316,24.36,974.87,45.58
20170223_085317,24.36,974.89,45.53
20170223_085318,24.36,974.87,45.51
20170223_085319,24.35,974.87,45.49
20170223_085320,24.36,974.88,45.48
20170223_085321,24.36,974.91,45.48
20170223_085322,24.35,974.87,45.49
20170223_085323,24.35,974.81,45.49
20170223_085324,24.35,974.90,45.49
20170223_085325,24.35,974.86,45.49
20170223_085326,24.35,974.86,45.50
20170223_085327,24.35,974.88,45.51
20170223_085328,24.35,974.92,45.51
20170223_085329,24.35,974.88,45.53
20170223_085330,24.36,974.84,45.53
20170223_085332,24.36,974.90,45.53
20170223_085333,24.36,974.89,45.54
20170223_085334,24.36,974.88,45.54
20170223_085335,24.35,974.89,45.54
20170223_085336,24.35,974.87,45.54
20170223_085337,24.35,974.87,45.53
20170223_085338,24.35,974.92,45.56
20170223_085339,24.35,974.91,45.54
20170223_085340,24.35,974.91,45.54
20170223_085341,24.35,974.93,45.54
20170223_085342,24.35,974.89,45.54
20170223_085343,24.34,974.93,45.54
20170223_085344,24.34,974.87,45.54
20170223_085345,24.35,974.87,45.53
20170223_085346,24.34,974.87,45.54
20170223_085347,24.34,974.87,45.54
20170223_085348,24.34,974.85,45.54
20170223_085349,24.34,974.90,45.56
20170223_085350,24.34,974.89,45.57
20170223_085351,24.34,974.87,45.57
20170223_085352,24.34,974.86,45.58
20170223_085353,24.34,974.90,45.59
20170223_085354,24.34,974.89,45.60
20170223_085355,24.33,974.90,45.59
20170223_085356,24.33,974.89,45.60
20170223_085357,24.33,974.92,45.60
20170223_085358,24.33,974.86,45.60
20170223_085359,24.33,974.89,45.60
20170223_085400,24.34,974.87,45.61
20170223_085401,24.34,974.86,45.61
20170223_085402,24.34,974.87,45.62
20170223_085403,24.34,974.86,45.62
20170223_085404,24.33,974.91,45.63
20170223_085405,24.33,974.91,45.64
20170223_085406,24.32,974.92,45.66
20170223_085407,24.32,974.88,45.66
20170223_085408,24.32,974.86,45.67
20170223_085409,24.32,974.94,45.69
20170223_085410,24.32,974.96,45.67
20170223_085411,24.31,974.91,45.72
20170223_085412,24.31,974.92,45.80
20170223_085413,24.32,974.84,45.84
20170223_085414,24.33,974.87,46.05
20170223_085416,24.33,974.93,46.61
20170223_085417,24.33,974.88,47.69
20170223_085418,24.34,974.90,48.16
20170223_085419,24.34,974.92,48.30
20170223_085420,24.34,974.90,48.44
20170223_085421,24.33,974.87,48.02
20170223_085422,24.33,974.88,47.61
20170223_085423,24.33,974.93,47.22
20170223_085424,24.33,974.92,47.00
20170223_085425,24.33,974.94,46.77
20170223_085426,24.33,974.92,46.58
20170223_085427,24.33,974.93,46.46
20170223_085428,24.33,974.91,46.34
20170223_085429,24.33,974.95,46.28
20170223_085430,24.32,974.92,46.18
20170223_085431,24.31,974.92,46.08
20170223_085432,24.32,974.92,46.01
20170223_085433,24.32,974.94,45.98
20170223_085434,24.31,974.91,45.96
20170223_085435,24.31,974.90,45.95
20170223_085436,24.31,974.87,45.95
20170223_085437,24.31,974.95,45.94
20170223_085438,24.31,974.89,45.93
20170223_085439,24.31,974.89,45.94
20170223_085440,24.31,974.90,45.95
20170223_085441,24.31,974.93,45.95
20170223_085442,24.31,974.94,45.96
20170223_085443,24.30,974.90,45.96
20170223_085444,24.30,974.91,45.97
20170223_085445,24.30,974.92,45.97
20170223_085446,24.31,974.94,45.96
20170223_085447,24.31,974.89,45.95
20170223_085448,24.31,974.94,45.93
20170223_085449,24.31,974.93,45.92
20170223_085450,24.31,974.93,45.92
20170223_085451,24.31,974.87,45.92
20170223_085452,24.31,974.94,45.93
20170223_085453,24.31,974.92,45.93
20170223_085454,24.31,974.91,45.93
20170223_085455,24.31,974.93,45.93
20170223_085456,24.31,974.88,45.93
20170223_085457,24.32,974.90,45.92
20170223_085459,24.32,974.92,45.90
20170223_085500,24.32,974.93,45.89
20170223_085501,24.32,974.94,45.86
20170223_085502,24.31,974.92,45.85
20170223_085503,24.31,974.95,45.85
20170223_085504,24.31,974.89,45.86
20170223_085505,24.31,974.88,45.86
20170223_085506,24.31,974.90,45.85
20170223_085507,24.31,974.92,45.85
20170223_085508,24.31,974.91,45.84
20170223_085509,24.31,974.91,45.84
20170223_085510,24.30,974.94,45.84
20170223_085511,24.30,974.95,45.85
20170223_085512,24.30,974.93,45.85
20170223_085513,24.30,974.95,45.86
20170223_085514,24.30,974.91,45.85
20170223_085515,24.30,974.95,45.84
20170223_085516,24.29,974.88,45.84
20170223_085517,24.29,974.96,45.87
20170223_085518,24.29,974.96,45.92
20170223_085519,24.29,974.88,45.94
20170223_085520,24.29,974.89,45.95
20170223_085521,24.29,974.96,45.97
20170223_085522,24.29,974.89,46.01
20170223_085523,24.30,974.95,46.03
20170223_085524,24.29,974.95,46.02
20170223_085525,24.29,974.92,46.01
20170223_085526,24.29,974.95,46.01
20170223_085527,24.28,974.94,45.98
20170223_085528,24.28,974.97,46.02
20170223_085529,24.28,974.94,46.04
20170223_085530,24.29,974.93,46.05
20170223_085531,24.28,974.93,46.04
20170223_085532,24.28,974.99,46.02
20170223_085533,24.28,974.97,46.02
20170223_085534,24.28,974.92,45.98
20170223_085535,24.28,974.92,45.98
20170223_085536,24.28,974.92,46.00
20170223_085537,24.28,974.92,46.03
20170223_085538,24.28,974.96,46.03
20170223_085539,24.27,974.93,46.03
20170223_085540,24.28,974.93,46.03
20170223_085541,24.28,974.90,46.03
20170223_085543,24.28,974.93,46.03
20170223_085544,24.28,974.94,46.02
20170223_085545,24.28,974.97,46.02
20170223_085546,24.28,974.96,46.00
20170223_085547,24.28,974.91,45.99
20170223_085548,24.29,974.97,45.97
20170223_085549,24.29,974.94,45.97
20170223_085550,24.29,974.96,45.97
20170223_085551,24.29,974.93,45.97
20170223_085552,24.29,974.92,45.96
20170223_085553,24.29,974.91,45.96
20170223_085554,24.29,974.96,45.94
20170223_085555,24.30,974.98,45.94
20170223_085556,24.30,974.93,45.93
20170223_085557,24.30,974.91,45.93
20170223_085558,24.31,974.90,45.93
20170223_085559,24.30,974.91,45.92
20170223_085600,24.30,974.91,45.90
20170223_085601,24.30,974.97,45.87
20170223_085602,24.30,974.90,45.86
20170223_085603,24.31,974.90,45.84
20170223_085604,24.32,974.94,45.84
20170223_085605,24.32,974.94,45.83
20170223_085606,24.32,974.97,45.83
20170223_085607,24.32,974.91,45.82
20170223_085608,24.32,974.94,45.82
20170223_085609,24.32,974.96,45.81
20170223_085610,24.32,974.94,45.80
20170223_085611,24.33,974.93,45.80
20170223_085612,24.33,974.91,45.80
20170223_085613,24.33,974.95,45.79
20170223_085614,24.33,974.94,45.79
20170223_085615,24.33,974.91,45.80
20170223_085616,24.34,974.90,45.79
20170223_085617,24.34,974.93,45.79
20170223_085618,24.34,974.94,45.79
20170223_085619,24.34,974.91,45.79
20170223_085620,24.34,974.90,45.79
20170223_085621,24.34,974.90,45.79
20170223_085622,24.35,974.92,45.79
20170223_085623,24.34,974.95,45.79
20170223_085624,24.34,974.90,45.79
20170223_085625,24.34,974.92,45.79
20170223_085627,24.35,974.94,45.79
20170223_085628,24.35,974.93,45.79
20170223_085629,24.35,974.93,45.80
20170223_085630,24.35,974.96,45.80
20170223_085631,24.35,974.93,45.79
20170223_085632,24.35,974.96,45.80
20170223_085633,24.35,974.92,45.80
20170223_085634,24.34,974.93,45.79
20170223_085635,24.35,974.94,45.78
20170223_085636,24.34,974.93,45.77
20170223_085637,24.35,974.92,45.76
20170223_085638,24.35,974.96,45.75
20170223_085639,24.35,974.92,45.73
20170223_085640,24.35,974.93,45.72
20170223_085641,24.35,974.92,45.72
20170223_085642,24.35,974.97,45.71
20170223_085643,24.35,974.91,45.70
20170223_085644,24.36,974.96,45.70
20170223_085645,24.36,974.92,45.70
20170223_085646,24.35,974.92,45.70
20170223_085647,24.36,974.94,45.72
20170223_085648,24.36,974.89,45.70
20170223_085649,24.36,974.94,45.70
20170223_085650,24.36,974.89,45.70
20170223_085651,24.36,974.91,45.70
20170223_085652,24.36,974.91,45.70
20170223_085653,24.37,974.94,45.70
20170223_085654,24.37,974.94,45.70
20170223_085655,24.37,974.94,45.69
20170223_085656,24.37,974.93,45.69
20170223_085657,24.37,974.97,45.68
20170223_085658,24.37,974.92,45.68
20170223_085659,24.37,974.92,45.68
20170223_085700,24.37,974.94,45.67
20170223_085701,24.37,974.93,45.67
20170223_085702,24.37,974.96,45.67
20170223_085703,24.37,974.95,45.65
20170223_085704,24.37,974.94,45.66
20170223_085705,24.38,974.94,45.65
20170223_085706,24.37,974.90,45.64
20170223_085707,24.38,974.93,45.64
20170223_085708,24.38,974.92,45.64
20170223_085710,24.38,974.94,45.64
20170223_085711,24.38,974.89,45.64
20170223_085712,24.38,974.95,45.63
20170223_085713,24.38,974.90,45.64
20170223_085714,24.38,974.92,45.63
20170223_085715,24.38,974.91,45.63
20170223_085716,24.38,974.91,45.63
20170223_085717,24.39,974.93,45.63
20170223_085718,24.39,974.95,45.62
20170223_085719,24.38,974.94,45.62
20170223_085720,24.38,974.91,45.62
20170223_085721,24.38,974.91,45.60
20170223_085722,24.39,974.96,45.60
20170223_085723,24.39,974.97,45.60
20170223_085724,24.39,974.94,45.59
20170223_085725,24.39,974.96,45.60
20170223_085726,24.39,974.96,45.59
20170223_085727,24.39,974.93,45.59
20170223_085728,24.39,974.90,45.59
20170223_085729,24.39,974.94,45.58
20170223_085730,24.40,974.94,45.58
20170223_085731,24.39,974.91,45.58
20170223_085732,24.40,974.94,45.58
20170223_085733,24.39,974.93,45.57
20170223_085734,24.39,974.88,45.57
20170223_085735,24.39,974.98,45.57
20170223_085736,24.39,974.91,45.58
20170223_085737,24.39,974.90,45.58
20170223_085738,24.39,974.91,45.58
20170223_085739,24.39,974.93,45.58
20170223_085740,24.39,974.92,45.57
20170223_085741,24.39,974.90,45.58
20170223_085742,24.39,974.91,45.58
20170223_085743,24.39,974.89,45.60
20170223_085744,24.38,974.92,45.62
20170223_085745,24.39,974.89,45.63
20170223_085746,24.39,974.91,45.63
20170223_085747,24.39,974.97,45.63
20170223_085748,24.39,974.92,45.62
20170223_085749,24.39,974.92,45.60
20170223_085750,24.39,974.94,45.60
20170223_085751,24.39,974.91,45.59
20170223_085752,24.40,974.94,45.58
20170223_085754,24.39,974.93,45.58
20170223_085755,24.40,974.95,45.58
20170223_085756,24.40,974.94,45.58
20170223_085757,24.40,974.90,45.57
20170223_085758,24.41,974.91,45.57
20170223_085759,24.40,974.92,45.55
20170223_085800,24.40,974.90,45.53
20170223_085801,24.40,974.93,45.53
20170223_085802,24.40,974.96,45.52
20170223_085803,24.40,974.89,45.52
20170223_085804,24.41,974.91,45.51
20170223_085805,24.41,974.88,45.52
20170223_085806,24.40,974.94,45.52
20170223_085807,24.40,974.96,45.52
20170223_085808,24.41,974.94,45.53
20170223_085809,24.41,974.95,45.53
20170223_085810,24.41,974.92,45.53
20170223_085811,24.41,974.91,45.52
20170223_085812,24.40,974.94,45.53
20170223_085813,24.40,974.94,45.52
20170223_085814,24.41,974.89,45.53
20170223_085815,24.40,974.91,45.53
20170223_085816,24.40,974.93,45.54
20170223_085817,24.41,974.95,45.55
20170223_085818,24.41,974.95,45.55
20170223_085819,24.41,974.93,45.56
20170223_085820,24.41,974.97,45.55
20170223_085821,24.41,974.92,45.54
20170223_085822,24.41,974.96,45.53
20170223_085823,24.41,974.88,45.52
20170223_085824,24.41,974.93,45.51
20170223_085825,24.41,974.98,45.50
20170223_085826,24.41,974.92,45.48
20170223_085827,24.41,974.93,45.47
20170223_085828,24.41,974.90,45.46
20170223_085829,24.41,974.92,45.46
20170223_085830,24.41,974.90,45.45
20170223_085831,24.40,974.94,45.44
20170223_085832,24.40,974.90,45.43
20170223_085833,24.41,974.93,45.42
20170223_085834,24.41,974.91,45.39
20170223_085835,24.41,974.89,45.39
20170223_085836,24.41,974.93,45.41
20170223_085838,24.40,974.90,45.42
20170223_085839,24.41,974.91,45.43
20170223_085840,24.40,974.93,45.44
20170223_085841,24.41,974.91,45.43
20170223_085842,24.40,974.92,45.43
20170223_085843,24.41,974.90,45.42
20170223_085844,24.40,974.94,45.39
20170223_085845,24.41,974.92,45.41
20170223_085846,24.41,974.92,45.39
20170223_085847,24.41,974.96,45.42
20170223_085848,24.41,974.93,45.43
20170223_085849,24.41,974.94,45.44
20170223_085850,24.41,974.87,45.45
20170223_085851,24.41,974.94,45.46
20170223_085852,24.41,974.88,45.47
20170223_085853,24.41,974.89,45.48
20170223_085854,24.41,974.93,45.50
20170223_085855,24.41,974.91,45.51
20170223_085856,24.40,974.89,45.52
20170223_085857,24.41,974.88,45.55
20170223_085858,24.41,974.93,45.57
20170223_085859,24.40,974.90,45.58
20170223_085900,24.40,974.90,45.59
20170223_085901,24.41,974.87,45.59
20170223_085902,24.40,974.87,45.62
20170223_085903,24.40,974.91,45.58
20170223_085904,24.40,974.90,45.58
20170223_085905,24.40,974.90,45.57
20170223_085906,24.40,974.92,45.56
20170223_085907,24.40,974.90,45.56
20170223_085908,24.40,974.89,45.57
20170223_085909,24.40,974.89,45.59
20170223_085910,24.39,974.90,45.60
20170223_085911,24.39,974.91,45.63
20170223_085912,24.39,974.90,45.63
20170223_085913,24.39,974.88,45.63
20170223_085914,24.38,974.87,45.63
20170223_085915,24.37,974.86,45.61
20170223_085916,24.37,974.91,45.59
20170223_085917,24.37,974.90,45.55
20170223_085918,24.37,974.87,45.49
20170223_085919,24.37,974.86,45.43
20170223_085920,24.36,974.89,45.40
20170223_085922,24.36,974.86,45.39
20170223_085923,24.36,974.88,45.36
20170223_085924,24.36,974.87,45.32
20170223_085925,24.35,974.89,45.29
20170223_085926,24.35,974.85,45.41
20170223_085927,24.35,974.83,45.60
20170223_085928,24.35,974.91,45.75
20170223_085929,24.35,974.86,45.84
20170223_085930,24.35,974.86,45.89
20170223_085931,24.35,974.90,45.87
20170223_085932,24.35,974.88,45.88
20170223_085933,24.35,974.85,45.96
20170223_085934,24.35,974.84,45.97
20170223_085935,24.36,974.87,45.97
20170223_085936,24.36,974.87,45.98
20170223_085937,24.36,974.89,45.92
20170223_085938,24.36,974.88,45.87
20170223_085939,24.35,974.88,45.82
20170223_085940,24.35,974.87,45.78
20170223_085941,24.35,974.91,45.76
20170223_085942,24.35,974.87,45.75
20170223_085943,24.35,974.85,45.73
20170223_085944,24.35,974.85,45.75
20170223_085945,24.34,974.83,45.75
20170223_085946,24.34,974.88,45.76
20170223_085947,24.34,974.85,45.77
20170223_085948,24.34,974.84,45.77
20170223_085949,24.34,974.88,45.78
20170223_085950,24.34,974.85,45.79
20170223_085951,24.34,974.80,45.80
20170223_085952,24.34,974.87,45.80
20170223_085953,24.34,974.87,45.80
20170223_085954,24.35,974.88,45.79
20170223_085955,24.35,974.88,45.79
20170223_085956,24.34,974.82,45.78
20170223_085957,24.35,974.84,45.77
20170223_085958,24.34,974.86,45.75
20170223_085959,24.34,974.86,45.72
20170223_090000,24.35,974.88,45.71
20170223_090001,24.35,974.88,45.69
20170223_090002,24.35,974.86,45.67
20170223_090003,24.35,974.87,45.63
20170223_090005,24.35,974.85,45.62
20170223_090006,24.35,974.83,45.64
20170223_090007,24.35,974.82,45.66
20170223_090008,24.35,974.86,45.69
20170223_090009,24.36,974.80,45.72
20170223_090010,24.36,974.84,45.72
20170223_090011,24.35,974.92,45.73
20170223_090012,24.35,974.81,45.72
20170223_090013,24.35,974.80,45.73
20170223_090014,24.35,974.89,45.73
20170223_090015,24.35,974.88,45.75
20170223_090016,24.35,974.86,45.76
20170223_090017,24.35,974.88,45.77
20170223_090018,24.35,974.84,45.78
20170223_090019,24.35,974.85,45.78
20170223_090020,24.35,974.86,45.79
20170223_090021,24.35,974.85,45.80
20170223_090022,24.35,974.84,45.81
20170223_090023,24.35,974.82,45.81
20170223_090024,24.35,974.85,45.81
20170223_090025,24.35,974.82,45.82
20170223_090026,24.35,974.85,45.83
20170223_090027,24.35,974.85,45.84
20170223_090028,24.35,974.79,45.84
20170223_090029,24.35,974.83,45.86
20170223_090030,24.35,974.85,45.86
20170223_090031,24.35,974.84,45.86
20170223_090032,24.35,974.83,45.86
20170223_090033,24.35,974.83,45.84
20170223_090034,24.35,974.85,45.83
20170223_090035,24.35,974.88,45.83
20170223_090036,24.36,974.83,45.83
20170223_090037,24.36,974.84,45.83
20170223_090038,24.35,974.83,45.82
20170223_090039,24.36,974.82,45.82
20170223_090040,24.36,974.84,45.81
20170223_090041,24.36,974.86,45.80
20170223_090042,24.36,974.82,45.79
20170223_090043,24.36,974.85,45.78
20170223_090044,24.36,974.82,45.76
20170223_090045,24.36,974.85,45.75
20170223_090046,24.36,974.83,45.72
20170223_090047,24.36,974.82,45.72
20170223_090049,24.36,974.86,45.72
20170223_090050,24.36,974.82,45.72
20170223_090051,24.36,974.86,45.72
20170223_090052,24.36,974.82,45.71
20170223_090053,24.36,974.86,45.72
20170223_090054,24.37,974.86,45.71
20170223_090055,24.37,974.85,45.71
20170223_090056,24.37,974.89,45.71
20170223_090057,24.37,974.81,45.71
20170223_090058,24.37,974.86,45.70
20170223_090059,24.37,974.78,45.70
20170223_090100,24.37,974.85,45.69
20170223_090101,24.37,974.84,45.68
20170223_090102,24.37,974.83,45.68
20170223_090103,24.37,974.81,45.68
20170223_090104,24.37,974.80,45.68
20170223_090105,24.37,974.83,45.71
20170223_090106,24.37,974.79,45.80
20170223_090107,24.36,974.85,45.93
20170223_090108,24.36,974.82,46.00
20170223_090109,24.36,974.84,46.06
20170223_090110,24.36,974.81,46.06
20170223_090111,24.37,974.85,46.05
20170223_090112,24.36,974.85,46.05
20170223_090113,24.36,974.86,46.03
20170223_090114,24.36,974.82,46.02
20170223_090115,24.36,974.79,46.04
20170223_090116,24.36,974.79,46.02
20170223_090117,24.36,974.81,46.01
20170223_090118,24.36,974.82,46.00
20170223_090119,24.36,974.80,45.99
20170223_090120,24.37,974.79,45.99
20170223_090121,24.37,974.80,45.97
20170223_090122,24.36,974.79,45.94
20170223_090123,24.36,974.81,45.90
20170223_090124,24.36,974.81,45.88
20170223_090125,24.36,974.83,45.87
20170223_090126,24.36,974.82,45.84
20170223_090127,24.36,974.78,45.81
20170223_090128,24.36,974.78,45.80
20170223_090129,24.36,974.82,45.78
20170223_090130,24.36,974.87,45.78
20170223_090131,24.36,974.85,45.79
20170223_090133,24.36,974.84,45.79
20170223_090134,24.37,974.86,45.79
20170223_090135,24.36,974.81,45.77
20170223_090136,24.36,974.78,45.77
20170223_090137,24.37,974.82,45.77
20170223_090138,24.36,974.82,45.77
20170223_090139,24.36,974.81,45.76
20170223_090140,24.36,974.80,45.76
20170223_090141,24.37,974.83,45.76
20170223_090142,24.36,974.79,45.76
20170223_090143,24.37,974.86,45.75
20170223_090144,24.37,974.80,45.75
20170223_090145,24.37,974.83,45.75
20170223_090146,24.36,974.81,45.75
20170223_090147,24.37,974.80,45.74
20170223_090148,24.36,974.77,45.74
20170223_090149,24.36,974.80,45.74
20170223_090150,24.37,974.82,45.74
20170223_090151,24.37,974.81,45.78
20170223_090152,24.37,974.83,45.80
20170223_090153,24.37,974.82,45.81
20170223_090154,24.37,974.79,45.80
20170223_090155,24.38,974.82,45.79
20170223_090156,24.38,974.80,45.78
20170223_090157,24.38,974.84,45.78
20170223_090158,24.39,974.80,45.78
20170223_090159,24.39,974.87,45.78
20170223_090200,24.40,974.88,45.78
20170223_090201,24.41,974.80,45.77
20170223_090202,24.41,974.81,45.82
20170223_090203,24.42,974.82,45.90
20170223_090204,24.43,974.83,45.95
20170223_090205,24.43,974.81,45.98
20170223_090206,24.43,974.82,46.02
20170223_090207,24.45,974.80,46.04
20170223_090208,24.45,974.83,46.04
20170223_090209,24.46,974.81,46.04
20170223_090210,24.46,974.82,46.01
20170223_090211,24.48,974.85,45.98
20170223_090212,24.48,974.82,45.96
20170223_090213,24.49,974.86,45.95
20170223_090214,24.50,974.83,45.93
20170223_090216,24.50,974.82,45.92
20170223_090217,24.50,974.84,45.88
20170223_090218,24.50,974.79,45.84
20170223_090219,24.51,974.80,45.83
20170223_090220,24.53,974.85,45.81
20170223_090221,24.53,974.86,45.79
20170223_090222,24.53,974.81,45.74
20170223_090223,24.53,974.80,45.70
20170223_090224,24.53,974.77,45.65
20170223_090225,24.54,974.81,45.63
20170223_090226,24.54,974.82,45.62
20170223_090227,24.56,974.80,45.72
20170223_090228,24.56,974.85,45.78
20170223_090229,24.57,974.81,45.71
20170223_090230,24.57,974.84,45.66
20170223_090231,24.56,974.87,45.87
20170223_090232,24.56,974.78,45.96
20170223_090233,24.56,974.82,45.89
20170223_090234,24.57,974.79,45.90
20170223_090235,24.57,974.82,45.77
20170223_090236,24.58,974.80,45.69
20170223_090237,24.58,974.78,45.60
20170223_090238,24.58,974.79,45.52
20170223_090239,24.58,974.83,45.48
20170223_090240,24.59,974.82,45.47
20170223_090241,24.59,974.82,45.48
20170223_090242,24.60,974.79,45.47
20170223_090243,24.60,974.78,45.45
20170223_090244,24.60,974.84,45.42
20170223_090245,24.59,974.83,45.39
20170223_090246,24.60,974.79,45.39
20170223_090247,24.61,974.83,45.38
20170223_090248,24.61,974.77,45.37
20170223_090249,24.62,974.78,45.36
20170223_090250,24.62,974.76,45.33
20170223_090251,24.61,974.80,45.30
20170223_090252,24.62,974.79,45.29
20170223_090253,24.62,974.83,45.30
20170223_090254,24.62,974.79,45.30
20170223_090255,24.63,974.80,45.29
20170223_090256,24.63,974.82,45.28
20170223_090257,24.63,974.79,45.27
20170223_090258,24.64,974.80,45.26
20170223_090300,24.64,974.84,45.27
20170223_090301,24.65,974.78,45.30
20170223_090302,24.65,974.75,45.34
20170223_090303,24.65,974.80,45.35
20170223_090304,24.65,974.79,45.36
20170223_090305,24.66,974.85,45.34
20170223_090306,24.66,974.75,45.33
20170223_090307,24.67,974.81,45.29
20170223_090308,24.67,974.80,45.23
20170223_090309,24.67,974.78,45.19
20170223_090310,24.67,974.81,45.14
20170223_090311,24.68,974.78,45.11
20170223_090312,24.68,974.80,45.10
20170223_090313,24.68,974.78,45.08
20170223_090314,24.69,974.78,45.04
20170223_090315,24.69,974.78,45.02
20170223_090316,24.69,974.75,45.00
20170223_090317,24.69,974.80,44.97
20170223_090318,24.69,974.79,44.94
20170223_090319,24.70,974.78,44.92
20170223_090320,24.70,974.80,44.89
20170223_090321,24.70,974.72,44.87
20170223_090322,24.71,974.76,44.87
20170223_090323,24.72,974.77,44.86
20170223_090324,24.72,974.74,44.85
20170223_090325,24.72,974.77,44.85
20170223_090326,24.72,974.78,44.86
20170223_090327,24.72,974.75,44.86
20170223_090328,24.72,974.78,44.86
20170223_090329,24.73,974.73,44.87
20170223_090330,24.73,974.74,44.88
20170223_090331,24.73,974.71,44.89
20170223_090332,24.74,974.77,44.89
20170223_090333,24.74,974.79,44.92
20170223_090334,24.74,974.78,44.93
20170223_090335,24.74,974.74,44.94
20170223_090336,24.74,974.79,44.95
20170223_090337,24.75,974.73,44.96
20170223_090338,24.74,974.74,44.97
20170223_090339,24.75,974.75,44.98
20170223_090340,24.75,974.83,44.98
20170223_090341,24.76,974.77,44.97
20170223_090342,24.75,974.74,44.97
20170223_090344,24.75,974.72,44.97
20170223_090345,24.76,974.77,44.96
20170223_090346,24.76,974.75,44.96
20170223_090347,24.76,974.75,44.95
20170223_090348,24.76,974.76,44.94
20170223_090349,24.76,974.76,44.93
20170223_090350,24.77,974.71,44.92
20170223_090351,24.77,974.73,44.91
20170223_090352,24.77,974.75,44.90
20170223_090353,24.77,974.70,44.88
20170223_090354,24.78,974.74,44.88
20170223_090355,24.77,974.70,44.86
20170223_090356,24.78,974.74,44.85
20170223_090357,24.78,974.78,44.84
20170223_090358,24.78,974.75,44.83
20170223_090359,24.78,974.73,44.83
20170223_090400,24.79,974.73,44.82
20170223_090401,24.79,974.70,44.82
20170223_090402,24.79,974.73,44.82
20170223_090403,24.79,974.76,44.82
20170223_090404,24.78,974.73,44.82
20170223_090405,24.79,974.76,44.80
20170223_090406,24.78,974.76,44.79
20170223_090407,24.78,974.74,44.76
20170223_090408,24.78,974.76,44.71
20170223_090409,24.79,974.73,44.71
20170223_090410,24.78,974.74,44.75
20170223_090411,24.79,974.75,44.83
20170223_090412,24.79,974.74,44.86
20170223_090413,24.79,974.68,44.96
20170223_090414,24.79,974.77,45.11
20170223_090415,24.78,974.76,45.18
20170223_090416,24.78,974.73,45.20
20170223_090417,24.78,974.72,45.26
20170223_090418,24.78,974.72,45.35
20170223_090419,24.77,974.71,45.41
20170223_090420,24.78,974.74,45.40
20170223_090421,24.77,974.76,45.35
20170223_090422,24.78,974.77,45.29
20170223_090423,24.77,974.76,45.22
20170223_090424,24.78,974.74,45.19
20170223_090425,24.78,974.71,45.15
20170223_090427,24.78,974.70,45.12
20170223_090428,24.78,974.72,45.10
20170223_090429,24.78,974.69,45.08
20170223_090430,24.78,974.75,45.06
20170223_090431,24.79,974.74,45.05
20170223_090432,24.78,974.73,45.04
20170223_090433,24.78,974.74,45.06
20170223_090434,24.79,974.73,45.07
20170223_090435,24.79,974.73,45.05
20170223_090436,24.78,974.70,45.03
20170223_090437,24.79,974.73,45.03
20170223_090438,24.79,974.75,45.03
20170223_090439,24.79,974.72,45.04
20170223_090440,24.80,974.76,45.05
20170223_090441,24.80,974.72,45.07
20170223_090442,24.79,974.69,45.08
20170223_090443,24.80,974.77,45.08
20170223_090444,24.80,974.76,45.10
20170223_090445,24.81,974.71,45.10
20170223_090446,24.81,974.74,45.10
20170223_090447,24.81,974.78,45.10
20170223_090448,24.81,974.74,45.09
20170223_090449,24.82,974.72,45.09
20170223_090450,24.82,974.75,45.09
20170223_090451,24.83,974.74,45.09
20170223_090452,24.84,974.77,45.09
20170223_090453,24.83,974.74,45.07
20170223_090454,24.84,974.73,45.06
20170223_090455,24.83,974.72,45.05
20170223_090456,24.83,974.76,45.04
20170223_090457,24.83,974.74,45.02
20170223_090458,24.83,974.71,45.01
20170223_090459,24.84,974.74,45.02
20170223_090500,24.84,974.70,45.00
20170223_090501,24.84,974.71,45.02
20170223_090502,24.84,974.74,45.02
20170223_090503,24.84,974.77,45.00
20170223_090504,24.85,974.73,44.99
20170223_090505,24.85,974.72,44.99
20170223_090506,24.85,974.76,44.98
20170223_090507,24.86,974.76,44.97
20170223_090508,24.86,974.68,44.97
20170223_090510,24.86,974.75,44.96
20170223_090511,24.86,974.76,44.95
20170223_090512,24.86,974.76,44.95
20170223_090513,24.86,974.73,44.95
20170223_090514,24.86,974.70,44.95
20170223_090515,24.86,974.79,44.95
20170223_090516,24.86,974.77,44.95
20170223_090517,24.86,974.72,44.95
20170223_090518,24.87,974.70,44.95
20170223_090519,24.87,974.76,44.94
20170223_090520,24.87,974.71,44.94
20170223_090521,24.87,974.70,44.94
20170223_090522,24.86,974.71,44.94
20170223_090523,24.87,974.71,44.94
20170223_090524,24.86,974.72,44.94
20170223_090525,24.87,974.72,44.94
20170223_090526,24.87,974.73,44.94
20170223_090527,24.87,974.70,44.94
20170223_090528,24.88,974.73,44.94
20170223_090529,24.88,974.70,44.94
20170223_090530,24.87,974.71,44.93
20170223_090531,24.87,974.75,44.94
20170223_090532,24.88,974.71,44.94
20170223_090533,24.88,974.72,44.93
20170223_090534,24.88,974.72,44.93
20170223_090535,24.88,974.70,44.92
20170223_090536,24.88,974.71,44.92
20170223_090537,24.88,974.72,44.91
20170223_090538,24.88,974.69,44.91
20170223_090539,24.88,974.70,44.90
20170223_090540,24.88,974.70,44.90
20170223_090541,24.88,974.71,44.90
20170223_090542,24.88,974.71,44.90
20170223_090543,24.88,974.70,44.87
20170223_090544,24.89,974.74,44.86
20170223_090545,24.89,974.72,44.86
20170223_090546,24.89,974.72,44.84
20170223_090547,24.89,974.71,44.83
20170223_090548,24.89,974.72,44.83
20170223_090549,24.89,974.74,44.85
20170223_090550,24.89,974.70,44.87
20170223_090551,24.89,974.71,44.89
20170223_090552,24.89,974.74,44.91
20170223_090554,24.90,974.74,44.92
20170223_090555,24.89,974.67,44.94
20170223_090556,24.89,974.69,44.94
20170223_090557,24.89,974.70,44.94
20170223_090558,24.90,974.68,44.95
20170223_090559,24.89,974.71,44.94
20170223_090600,24.90,974.69,44.94
20170223_090601,24.90,974.70,44.93
20170223_090602,24.90,974.71,44.93
20170223_090603,24.90,974.73,44.92
20170223_090604,24.90,974.65,44.92
20170223_090605,24.90,974.69,44.92
20170223_090606,24.91,974.65,44.91
20170223_090607,24.90,974.68,44.91
20170223_090608,24.91,974.67,44.90
20170223_090609,24.91,974.67,44.90
20170223_090610,24.91,974.69,44.89
20170223_090611,24.91,974.66,44.88
20170223_090612,24.91,974.73,44.88
20170223_090613,24.91,974.68,44.88
20170223_090614,24.91,974.70,44.88
20170223_090615,24.91,974.70,44.87
20170223_090616,24.92,974.71,44.84
20170223_090617,24.92,974.68,44.83
20170223_090618,24.92,974.71,44.82
20170223_090619,24.92,974.68,44.81
20170223_090620,24.92,974.66,44.80
20170223_090621,24.92,974.66,44.80
20170223_090622,24.92,974.69,44.79
20170223_090623,24.93,974.73,44.77
20170223_090624,24.92,974.70,44.77
20170223_090625,24.93,974.69,44.75
20170223_090626,24.93,974.65,44.75
20170223_090627,24.93,974.67,44.73
20170223_090628,24.93,974.69,44.71
20170223_090629,24.93,974.70,44.70
20170223_090630,24.93,974.65,44.70
20170223_090631,24.93,974.67,44.70
20170223_090632,24.93,974.67,44.69
20170223_090633,24.94,974.69,44.69
20170223_090634,24.94,974.68,44.69
20170223_090635,24.94,974.71,44.70
20170223_090636,24.94,974.66,44.70
20170223_090638,24.94,974.69,44.70
20170223_090639,24.94,974.68,44.70
20170223_090640,24.94,974.70,44.70
20170223_090641,24.94,974.64,44.70
20170223_090642,24.94,974.68,44.70
20170223_090643,24.94,974.67,44.70
20170223_090644,24.94,974.68,44.70
20170223_090645,24.94,974.70,44.70
20170223_090646,24.93,974.66,44.70
20170223_090647,24.93,974.65,44.70
20170223_090648,24.94,974.67,44.70
20170223_090649,24.94,974.68,44.70
20170223_090650,24.94,974.66,44.70
20170223_090651,24.94,974.68,44.70
20170223_090652,24.94,974.69,44.70
20170223_090653,24.93,974.67,44.71
20170223_090654,24.93,974.68,44.70
20170223_090655,24.93,974.70,44.70
20170223_090656,24.94,974.65,44.69
20170223_090657,24.94,974.64,44.69
20170223_090658,24.94,974.66,44.70
20170223_090659,24.94,974.64,44.69
20170223_090700,24.94,974.64,44.69
20170223_090701,24.94,974.65,44.68
20170223_090702,24.94,974.60,44.68
20170223_090703,24.95,974.65,44.68
20170223_090704,24.95,974.67,44.67
20170223_090705,24.95,974.68,44.67
20170223_090706,24.95,974.64,44.67
20170223_090707,24.94,974.63,44.66
20170223_090708,24.95,974.63,44.66
20170223_090709,24.95,974.63,44.65
20170223_090710,24.94,974.69,44.65
20170223_090711,24.95,974.65,44.65
20170223_090712,24.94,974.60,44.63
20170223_090713,24.94,974.66,44.63
20170223_090714,24.94,974.63,44.63
20170223_090715,24.94,974.61,44.63
20170223_090716,24.94,974.68,44.62
20170223_090717,24.93,974.66,44.62
20170223_090718,24.94,974.65,44.62
20170223_090719,24.94,974.68,44.62
20170223_090721,24.94,974.67,44.62
20170223_090722,24.94,974.65,44.62
20170223_090723,24.94,974.68,44.62
20170223_090724,24.94,974.65,44.62
20170223_090725,24.94,974.65,44.61
20170223_090726,24.94,974.67,44.61
20170223_090727,24.94,974.66,44.61
20170223_090728,24.94,974.65,44.61
20170223_090729,24.94,974.69,44.61
20170223_090730,24.94,974.68,44.61
20170223_090731,24.95,974.67,44.60
20170223_090732,24.95,974.59,44.60
20170223_090733,24.95,974.61,44.60
20170223_090734,24.95,974.62,44.60
20170223_090735,24.95,974.64,44.59
20170223_090736,24.96,974.63,44.59
20170223_090737,24.96,974.69,44.59
20170223_090738,24.96,974.65,44.59
20170223_090739,24.96,974.60,44.58
20170223_090740,24.96,974.60,44.58
20170223_090741,24.96,974.64,44.58
20170223_090742,24.96,974.60,44.58
20170223_090743,24.96,974.65,44.57
20170223_090744,24.97,974.65,44.57
20170223_090745,24.97,974.62,44.57
20170223_090746,24.96,974.63,44.57
20170223_090747,24.96,974.63,44.57
20170223_090748,24.96,974.61,44.57
20170223_090749,24.95,974.61,44.57
20170223_090750,24.95,974.62,44.57
20170223_090751,24.95,974.61,44.58
20170223_090752,24.94,974.60,44.59
20170223_090753,24.93,974.63,44.59
20170223_090754,24.93,974.61,44.59
20170223_090755,24.92,974.63,44.59
20170223_090756,24.92,974.58,44.63
20170223_090757,24.92,974.64,44.68
20170223_090758,24.92,974.60,44.75
20170223_090759,24.92,974.60,44.75
20170223_090800,24.91,974.58,44.73
20170223_090801,24.91,974.60,44.70
20170223_090802,24.90,974.61,44.67
20170223_090803,24.90,974.60,44.65
20170223_090805,24.90,974.59,44.65
20170223_090806,24.90,974.64,44.66
20170223_090807,24.90,974.64,44.65
20170223_090808,24.89,974.63,44.64
20170223_090809,24.88,974.63,44.63
20170223_090810,24.88,974.63,44.65
20170223_090811,24.88,974.56,44.67
20170223_090812,24.87,974.61,44.71
20170223_090813,24.87,974.62,44.75
20170223_090814,24.87,974.59,44.78
20170223_090815,24.86,974.60,44.78
20170223_090816,24.85,974.63,44.78
20170223_090817,24.85,974.62,44.79
20170223_090818,24.85,974.59,44.83
20170223_090819,24.84,974.58,44.86
20170223_090820,24.84,974.60,44.98
20170223_090821,24.84,974.61,45.05
20170223_090822,24.84,974.59,45.06
20170223_090823,24.83,974.58,45.05
20170223_090824,24.83,974.58,45.04
20170223_090825,24.83,974.60,45.02
20170223_090826,24.82,974.62,44.93
20170223_090827,24.81,974.64,44.91
20170223_090828,24.82,974.64,44.90
20170223_090829,24.82,974.62,44.90
20170223_090830,24.81,974.59,44.96
20170223_090831,24.80,974.61,44.99
20170223_090832,24.81,974.61,44.99
20170223_090833,24.81,974.63,44.98
20170223_090834,24.81,974.58,44.99
20170223_090835,24.81,974.63,45.04
20170223_090836,24.81,974.58,45.08
20170223_090837,24.81,974.60,45.10
20170223_090838,24.81,974.56,45.10
20170223_090839,24.80,974.62,45.12
20170223_090840,24.80,974.60,45.13
20170223_090841,24.80,974.62,45.05
20170223_090842,24.80,974.59,44.98
20170223_090843,24.80,974.63,44.90
20170223_090844,24.79,974.60,44.85
20170223_090845,24.79,974.55,44.83
20170223_090846,24.79,974.61,44.82
20170223_090847,24.78,974.61,44.83
20170223_090849,24.78,974.59,44.86
20170223_090850,24.78,974.58,44.92
20170223_090851,24.78,974.64,44.94
20170223_090852,24.78,974.63,44.98
20170223_090853,24.77,974.61,45.01
20170223_090854,24.77,974.55,45.04
20170223_090855,24.76,974.64,45.06
20170223_090856,24.76,974.64,45.08
20170223_090857,24.76,974.60,45.08
20170223_090858,24.75,974.60,45.09
20170223_090859,24.75,974.56,45.08
20170223_090900,24.75,974.63,45.08
20170223_090901,24.75,974.65,45.07
20170223_090902,24.75,974.59,45.07
20170223_090903,24.75,974.60,45.06
20170223_090904,24.75,974.59,45.06
20170223_090905,24.74,974.58,45.06
20170223_090906,24.75,974.60,45.07
20170223_090907,24.74,974.62,45.07
20170223_090908,24.74,974.59,45.08
20170223_090909,24.74,974.60,45.09
20170223_090910,24.74,974.64,45.12
20170223_090911,24.74,974.55,45.12
20170223_090912,24.74,974.57,45.12
20170223_090913,24.73,974.59,45.13
20170223_090914,24.72,974.57,45.14
20170223_090915,24.72,974.56,45.14
20170223_090916,24.72,974.57,45.14
20170223_090917,24.72,974.56,45.14
20170223_090918,24.71,974.58,45.15
20170223_090919,24.71,974.54,45.16
20170223_090920,24.71,974.62,45.16
20170223_090921,24.70,974.59,45.17
20170223_090922,24.70,974.60,45.18
20170223_090923,24.70,974.59,45.17
20170223_090924,24.70,974.57,45.18
20170223_090925,24.70,974.57,45.18
20170223_090926,24.70,974.58,45.19
20170223_090927,24.70,974.58,45.20
20170223_090928,24.69,974.58,45.21
20170223_090929,24.69,974.58,45.22
20170223_090930,24.69,974.59,45.22
20170223_090931,24.69,974.58,45.22
20170223_090933,24.69,974.54,45.23
20170223_090934,24.69,974.59,45.24
20170223_090935,24.69,974.59,45.24
20170223_090936,24.69,974.58,45.26
20170223_090937,24.68,974.56,45.27
20170223_090938,24.68,974.58,45.27
20170223_090939,24.68,974.55,45.28
20170223_090940,24.68,974.57,45.28
20170223_090941,24.68,974.57,45.29
20170223_090942,24.68,974.56,45.29
20170223_090943,24.68,974.53,45.29
20170223_090944,24.68,974.54,45.30
20170223_090945,24.68,974.59,45.30
20170223_090946,24.68,974.57,45.31
20170223_090947,24.68,974.61,45.30
20170223_090948,24.68,974.59,45.32
20170223_090949,24.67,974.56,45.31
20170223_090950,24.68,974.59,45.32
20170223_090951,24.67,974.59,45.32
20170223_090952,24.67,974.56,45.31
20170223_090953,24.67,974.55,45.30
20170223_090954,24.66,974.54,45.30
20170223_090955,24.67,974.55,45.29
20170223_090956,24.66,974.56,45.29
20170223_090957,24.67,974.55,45.29
20170223_090958,24.67,974.59,45.28
20170223_090959,24.67,974.55,45.26
20170223_091000,24.66,974.56,45.26
20170223_091001,24.67,974.56,45.28
20170223_091002,24.66,974.57,45.29
20170223_091003,24.67,974.58,45.30
20170223_091004,24.66,974.59,45.31
20170223_091005,24.66,974.57,45.31
20170223_091006,24.65,974.59,45.31
20170223_091007,24.65,974.61,45.31
20170223_091008,24.65,974.59,45.31
20170223_091009,24.65,974.52,45.31
20170223_091010,24.65,974.58,45.31
20170223_091011,24.64,974.58,45.31
20170223_091012,24.65,974.60,45.31
20170223_091013,24.64,974.61,45.31
20170223_091014,24.64,974.58,45.32
20170223_091015,24.63,974.55,45.32
20170223_091017,24.63,974.55,45.31
20170223_091018,24.63,974.56,45.32
20170223_091019,24.63,974.57,45.32
20170223_091020,24.63,974.59,45.32
20170223_091021,24.63,974.56,45.33
20170223_091022,24.62,974.55,45.33
20170223_091023,24.62,974.53,45.33
20170223_091024,24.62,974.58,45.33
20170223_091025,24.61,974.55,45.31
20170223_091026,24.62,974.58,45.32
20170223_091027,24.61,974.61,45.31
20170223_091028,24.61,974.57,45.30
20170223_091029,24.61,974.54,45.30
20170223_091030,24.61,974.58,45.30
20170223_091031,24.61,974.66,45.30
20170223_091032,24.61,974.59,45.30
20170223_091033,24.61,974.61,45.30
20170223_091034,24.61,974.56,45.31
20170223_091035,24.61,974.61,45.30
20170223_091036,24.60,974.62,45.31
20170223_091037,24.60,974.65,45.31
20170223_091038,24.60,974.60,45.31
20170223_091039,24.60,974.62,45.33
20170223_091040,24.60,974.54,45.34
20170223_091041,24.60,974.58,45.34
20170223_091042,24.60,974.53,45.35
20170223_091043,24.59,974.55,45.35
20170223_091044,24.60,974.61,45.36
20170223_091045,24.60,974.57,45.36
20170223_091046,24.60,974.64,45.35
20170223_091047,24.60,974.53,45.35
20170223_091048,24.60,974.55,45.35
20170223_091049,24.60,974.58,45.33
20170223_091050,24.60,974.55,45.34
20170223_091051,24.60,974.61,45.32
20170223_091052,24.60,974.60,45.33
20170223_091053,24.60,974.56,45.31
20170223_091054,24.61,974.55,45.31
20170223_091055,24.61,974.55,45.30
20170223_091056,24.60,974.61,45.30
20170223_091057,24.60,974.58,45.30
20170223_091058,24.60,974.62,45.29
20170223_091059,24.60,974.57,45.29
20170223_091101,24.60,974.57,45.29
20170223_091102,24.59,974.59,45.30
20170223_091103,24.59,974.53,45.31
20170223_091104,24.59,974.56,45.31
20170223_091105,24.59,974.61,45.32
20170223_091106,24.59,974.53,45.31
20170223_091107,24.60,974.60,45.31
20170223_091108,24.60,974.57,45.31
20170223_091109,24.60,974.61,45.30
20170223_091110,24.60,974.56,45.30
20170223_091111,24.60,974.61,45.30
20170223_091112,24.60,974.56,45.30
20170223_091113,24.59,974.54,45.30
20170223_091114,24.59,974.63,45.30
20170223_091115,24.59,974.58,45.30
20170223_091116,24.59,974.58,45.29
20170223_091117,24.59,974.55,45.29
20170223_091118,24.59,974.55,45.29
20170223_091119,24.59,974.59,45.29
20170223_091120,24.59,974.63,45.29
20170223_091121,24.59,974.62,45.29
20170223_091122,24.59,974.56,45.29
20170223_091123,24.59,974.58,45.28
20170223_091124,24.59,974.56,45.28
20170223_091125,24.59,974.55,45.29
20170223_091126,24.59,974.60,45.28
20170223_091127,24.58,974.59,45.29
20170223_091128,24.58,974.54,45.29
20170223_091129,24.58,974.53,45.30
20170223_091130,24.58,974.50,45.30
20170223_091131,24.58,974.58,45.31
20170223_091132,24.58,974.59,45.32
20170223_091133,24.58,974.57,45.32
20170223_091134,24.58,974.58,45.32
20170223_091135,24.58,974.59,45.33
20170223_091136,24.58,974.58,45.34
20170223_091137,24.57,974.60,45.33
20170223_091138,24.57,974.57,45.33
20170223_091139,24.58,974.60,45.33
20170223_091140,24.58,974.54,45.34
20170223_091141,24.58,974.59,45.35
20170223_091142,24.58,974.63,45.34
20170223_091144,24.57,974.60,45.32
20170223_091145,24.58,974.62,45.32
20170223_091146,24.57,974.51,45.31
20170223_091147,24.58,974.55,45.30
20170223_091148,24.58,974.58,45.29
20170223_091149,24.58,974.64,45.28
20170223_091150,24.58,974.58,45.27
20170223_091151,24.58,974.56,45.27
20170223_091152,24.58,974.50,45.27
20170223_091153,24.58,974.61,45.27
20170223_091154,24.58,974.58,45.27
20170223_091155,24.58,974.56,45.27
20170223_091156,24.57,974.56,45.28
20170223_091157,24.58,974.52,45.28
20170223_091158,24.57,974.53,45.27
20170223_091159,24.58,974.58,45.27
20170223_091200,24.57,974.60,45.28
20170223_091201,24.57,974.57,45.28
20170223_091202,24.57,974.52,45.28
20170223_091203,24.57,974.58,45.28
20170223_091204,24.57,974.59,45.28
20170223_091205,24.57,974.58,45.28
20170223_091206,24.57,974.52,45.28
20170223_091207,24.57,974.59,45.28
20170223_091208,24.57,974.57,45.28
20170223_091209,24.57,974.57,45.28
20170223_091210,24.57,974.50,45.28
20170223_091211,24.57,974.55,45.27
20170223_091212,24.57,974.57,45.27
20170223_091213,24.57,974.53,45.27
20170223_091214,24.57,974.54,45.27
20170223_091215,24.57,974.51,45.27
20170223_091216,24.57,974.59,45.25
20170223_091217,24.56,974.56,45.24
20170223_091218,24.56,974.57,45.24
20170223_091219,24.56,974.59,45.24
20170223_091220,24.55,974.59,45.24
20170223_091221,24.55,974.63,45.24
20170223_091222,24.54,974.59,45.25
20170223_091223,24.55,974.62,45.25
20170223_091224,24.55,974.65,45.25
20170223_091225,24.54,974.57,45.27
20170223_091226,24.54,974.55,45.27
20170223_091228,24.54,974.58,45.26
20170223_091229,24.54,974.58,45.26
20170223_091230,24.55,974.60,45.27
20170223_091231,24.54,974.62,45.26
20170223_091232,24.54,974.56,45.26
20170223_091233,24.54,974.60,45.25
20170223_091234,24.54,974.56,45.26
20170223_091235,24.53,974.58,45.24
20170223_091236,24.53,974.62,45.27
20170223_091237,24.53,974.59,45.32
20170223_091238,24.53,974.58,45.35
20170223_091239,24.53,974.60,45.35
20170223_091240,24.53,974.60,45.36
20170223_091241,24.53,974.58,45.35
20170223_091242,24.53,974.57,45.36
20170223_091243,24.52,974.57,45.35
20170223_091244,24.52,974.64,45.34
20170223_091245,24.53,974.61,45.33
20170223_091246,24.53,974.57,45.32
20170223_091247,24.53,974.61,45.31
20170223_091248,24.52,974.59,45.29
20170223_091249,24.53,974.55,45.29
20170223_091250,24.53,974.60,45.29
20170223_091251,24.52,974.62,45.31
20170223_091252,24.51,974.58,45.33
20170223_091253,24.52,974.56,45.35
20170223_091254,24.52,974.59,45.36
20170223_091255,24.52,974.60,45.37
20170223_091256,24.51,974.57,45.39
20170223_091257,24.52,974.59,45.41
20170223_091258,24.52,974.57,45.42
20170223_091259,24.52,974.60,45.41
20170223_091300,24.52,974.59,45.41
20170223_091301,24.52,974.59,45.41
20170223_091302,24.52,974.60,45.41
20170223_091303,24.52,974.60,45.39
20170223_091304,24.52,974.59,45.39
20170223_091305,24.52,974.60,45.38
20170223_091306,24.52,974.60,45.36
20170223_091307,24.52,974.62,45.36
20170223_091308,24.51,974.62,45.37
20170223_091309,24.52,974.56,45.36
20170223_091310,24.51,974.61,45.35
20170223_091312,24.51,974.61,45.35
20170223_091313,24.51,974.58,45.36
20170223_091314,24.51,974.59,45.37
20170223_091315,24.51,974.60,45.37
20170223_091316,24.51,974.57,45.36
20170223_091317,24.51,974.58,45.36
20170223_091318,24.51,974.58,45.35
20170223_091319,24.52,974.57,45.35
20170223_091320,24.51,974.62,45.34
20170223_091321,24.51,974.56,45.34
20170223_091322,24.52,974.60,45.34
20170223_091323,24.52,974.57,45.34
20170223_091324,24.52,974.61,45.34
20170223_091325,24.51,974.63,45.33
20170223_091326,24.51,974.60,45.33
20170223_091327,24.51,974.60,45.34
20170223_091328,24.51,974.59,45.34
20170223_091329,24.51,974.59,45.34
20170223_091330,24.51,974.55,45.35
20170223_091331,24.51,974.53,45.35
20170223_091332,24.51,974.58,45.35
20170223_091333,24.51,974.54,45.36
20170223_091334,24.51,974.59,45.37
20170223_091335,24.51,974.57,45.38
20170223_091336,24.51,974.68,45.39
20170223_091337,24.51,974.61,45.39
20170223_091338,24.50,974.57,45.39
20170223_091339,24.51,974.54,45.39
20170223_091340,24.51,974.60,45.39
20170223_091341,24.51,974.60,45.38
20170223_091342,24.51,974.57,45.38
20170223_091343,24.52,974.57,45.39
20170223_091344,24.51,974.56,45.39
20170223_091345,24.52,974.63,45.39
20170223_091346,24.51,974.58,45.39
20170223_091347,24.51,974.61,45.39
20170223_091348,24.51,974.61,45.39
20170223_091349,24.51,974.58,45.39
20170223_091350,24.51,974.58,45.39
20170223_091351,24.51,974.59,45.39
20170223_091352,24.51,974.61,45.38
20170223_091353,24.51,974.57,45.38
20170223_091354,24.51,974.60,45.38
20170223_091356,24.51,974.55,45.38
20170223_091357,24.51,974.61,45.37
20170223_091358,24.51,974.58,45.37
20170223_091359,24.51,974.57,45.37
20170223_091400,24.51,974.52,45.37
20170223_091401,24.52,974.57,45.37
20170223_091402,24.51,974.60,45.36
20170223_091403,24.51,974.58,45.36
20170223_091404,24.51,974.58,45.36
20170223_091405,24.51,974.55,45.36
20170223_091406,24.51,974.59,45.36
20170223_091407,24.51,974.55,45.36
20170223_091408,24.51,974.58,45.36
20170223_091409,24.51,974.63,45.36
20170223_091410,24.51,974.59,45.36
20170223_091411,24.51,974.57,45.36
20170223_091412,24.51,974.61,45.36
20170223_091413,24.51,974.61,45.36
20170223_091414,24.51,974.61,45.36
20170223_091415,24.51,974.62,45.37
20170223_091416,24.51,974.62,45.36
20170223_091417,24.51,974.56,45.36
20170223_091418,24.51,974.60,45.36
20170223_091419,24.50,974.58,45.35
