20170408_181100,23.61,968.72,56.63
20170408_181130,23.68,968.75,56.40
20170408_181200,23.65,968.74,56.43
20170408_181230,23.61,968.75,56.37
20170408_181300,23.61,968.75,56.38
20170408_181330,23.59,968.77,56.46
20170408_181400,23.58,968.77,56.52
20170408_181430,23.54,968.81,56.68
20170408_181501,23.48,968.73,56.84
20170408_181531,23.45,968.79,56.93
20170408_181601,23.44,968.76,56.98
20170408_181631,23.39,968.77,57.07
20170408_181701,23.35,968.80,57.17
20170408_181731,23.33,968.73,57.22
20170408_181801,23.32,968.71,57.20
20170408_181831,23.27,968.70,57.32
20170408_181901,23.26,968.73,57.31
20170408_181931,23.25,968.66,57.40
20170408_182001,23.24,968.71,57.37
20170408_182031,23.23,968.66,57.44
20170408_182101,23.22,968.69,57.49
20170408_182131,23.19,968.65,57.58
20170408_182201,23.16,968.64,57.66
20170408_182231,23.14,968.66,57.69
20170408_182301,23.13,968.62,57.73
20170408_182331,23.11,968.63,57.80
20170408_182401,23.07,968.56,57.94
20170408_182431,23.07,968.58,57.93
20170408_182501,23.05,968.64,57.97
20170408_182532,23.05,968.62,57.98
20170408_182602,23.01,968.66,58.12
20170408_182632,23.00,968.65,58.12
20170408_182702,23.02,968.64,58.11
20170408_182732,22.99,968.75,58.22
20170408_182802,22.98,968.70,58.20
20170408_182832,22.97,968.71,58.28
20170408_182902,22.94,968.67,58.34
20170408_182932,22.95,968.70,58.33
20170408_183002,22.94,968.72,58.40
20170408_183032,22.92,968.70,58.45
20170408_183102,22.89,968.73,58.56
20170408_183132,22.88,968.73,58.66
20170408_183202,22.82,968.77,58.78
20170408_183232,22.80,968.71,58.84
20170408_183302,22.81,968.78,58.76
20170408_183332,22.80,968.83,58.77
20170408_183402,22.79,968.81,58.77
20170408_183432,22.78,968.85,58.89
20170408_183502,22.76,968.84,58.95
20170408_183532,22.74,968.91,58.95
20170408_183602,22.73,968.85,58.93
20170408_183632,22.71,968.96,59.04
20170408_183703,22.71,968.94,59.08
20170408_183733,22.70,968.95,59.13
20170408_183803,22.69,968.96,59.14
20170408_183833,22.68,968.95,59.16
20170408_183903,22.68,968.96,59.25
20170408_183933,22.67,968.99,59.30
20170408_184003,22.63,969.04,59.39
20170408_184033,22.62,969.01,59.35
20170408_184103,22.61,969.05,59.38
20170408_184133,22.62,969.02,59.37
20170408_184203,22.60,969.07,59.44
20170408_184233,22.60,969.15,59.43
20170408_184303,22.59,969.13,59.48
20170408_184333,22.58,969.12,59.48
20170408_184403,22.57,969.11,59.52
20170408_184433,22.56,969.09,59.53
20170408_184503,22.55,969.13,59.56
20170408_184533,22.54,969.12,59.64
20170408_184603,22.51,969.11,59.70
20170408_184633,22.50,969.14,59.74
20170408_184703,22.49,969.13,59.79
20170408_184733,22.47,969.13,59.84
20170408_184804,22.46,969.12,59.83
20170408_184834,22.45,969.18,59.87
20170408_184904,22.45,969.15,59.89
20170408_184934,22.42,969.15,59.94
20170408_185004,22.40,969.14,59.95
20170408_185034,22.40,969.12,60.01
20170408_185104,22.38,969.14,60.04
20170408_185134,22.35,969.16,60.13
20170408_185204,22.34,969.15,60.09
20170408_185234,22.35,969.11,60.12
20170408_185304,22.34,969.10,60.16
20170408_185334,22.33,969.15,60.24
20170408_185404,22.31,969.14,60.29
20170408_185434,22.28,969.18,60.30
20170408_185504,22.29,969.18,60.27
20170408_185534,22.29,969.16,60.29
20170408_185604,22.27,969.15,60.38
20170408_185634,22.26,969.16,60.41
20170408_185704,22.23,969.17,60.52
20170408_185734,22.21,969.10,60.57
20170408_185804,22.21,969.18,60.57
20170408_185834,22.22,969.10,60.53
20170408_185905,22.22,969.14,60.50
20170408_185935,22.21,969.11,60.51
20170408_190005,22.22,969.15,60.57
20170408_190035,22.19,969.09,60.63
20170408_190105,22.18,969.09,60.68
20170408_190135,22.18,969.05,60.65
20170408_190205,22.17,969.05,60.67
20170408_190235,22.16,969.05,60.74
20170408_190305,22.14,969.11,60.77
20170408_190335,22.14,969.04,60.78
20170408_190405,22.11,969.06,60.83
20170408_190435,22.14,969.07,60.81
20170408_190505,22.12,969.07,60.92
20170408_190535,22.09,969.01,60.98
20170408_190605,22.08,969.05,60.97
20170408_190635,22.09,969.08,60.95
20170408_190705,22.09,969.05,60.96
20170408_190735,22.10,968.99,60.94
20170408_190805,22.07,968.98,61.03
20170408_190835,22.07,968.97,61.04
20170408_190905,22.05,969.02,61.07
20170408_190935,22.04,968.97,61.12
20170408_191005,22.01,968.98,61.19
20170408_191036,22.00,968.97,61.25
20170408_191106,22.00,968.99,61.30
20170408_191136,21.96,968.94,61.38
20170408_191206,21.94,968.97,61.43
20170408_191236,21.95,969.04,61.43
20170408_191306,21.94,968.93,61.41
20170408_191336,21.95,969.03,61.43
20170408_191406,21.94,968.96,61.48
20170408_191436,21.93,969.03,61.50
20170408_191506,21.93,968.99,61.49
20170408_191536,21.92,968.95,61.51
20170408_191606,21.92,969.05,61.59
20170408_191636,21.91,969.04,61.59
20170408_191706,21.89,968.99,61.69
20170408_191736,21.88,969.04,61.69
20170408_191806,21.87,969.02,61.71
20170408_191836,21.89,969.05,61.71
20170408_191906,21.86,969.08,61.79
20170408_191936,21.85,969.07,61.83
20170408_192006,21.83,969.09,61.84
20170408_192036,21.84,969.09,61.84
20170408_192106,21.83,969.06,61.87
20170408_192137,21.83,969.03,61.85
20170408_192207,21.84,969.05,61.87
20170408_192237,21.83,969.17,61.92
20170408_192307,21.82,969.13,61.93
20170408_192337,21.80,969.08,62.00
20170408_192407,21.78,969.12,62.05
20170408_192437,21.77,969.12,62.09
20170408_192507,21.77,969.14,62.09
20170408_192537,21.78,969.11,62.06
20170408_192607,21.79,969.13,62.07
20170408_192637,21.75,969.11,62.19
20170408_192707,21.73,969.09,62.22
20170408_192737,21.73,969.08,62.23
20170408_192807,21.72,969.09,62.27
20170408_192837,21.71,969.08,62.29
20170408_192907,21.70,969.05,62.37
20170408_192937,21.70,969.07,62.35
20170408_193007,21.67,969.06,62.44
20170408_193037,21.68,969.07,62.41
20170408_193107,21.67,969.04,62.45
20170408_193137,21.66,969.03,62.47
20170408_193207,21.65,969.02,62.52
20170408_193237,21.63,969.06,62.58
20170408_193308,21.63,969.01,62.60
20170408_193338,21.63,969.04,62.61
20170408_193408,21.61,968.98,62.68
20170408_193438,21.60,969.00,62.72
20170408_193508,21.58,968.96,62.75
20170408_193538,21.58,968.96,62.83
20170408_193608,21.57,969.01,62.86
20170408_193638,21.56,968.93,62.86
20170408_193708,21.53,968.98,62.94
20170408_193738,21.53,969.05,62.97
20170408_193808,21.52,968.99,63.00
20170408_193838,21.51,968.97,63.05
20170408_193908,21.48,968.93,63.11
20170408_193938,21.49,968.99,63.11
20170408_194008,21.47,968.97,63.14
20170408_194038,21.47,968.96,63.20
20170408_194108,21.46,968.98,63.21
20170408_194138,21.43,968.97,63.27
20170408_194208,21.42,968.99,63.32
20170408_194238,21.43,968.99,63.32
20170408_194308,21.42,969.00,63.33
20170408_194338,21.41,968.96,63.36
20170408_194409,21.42,968.99,63.39
20170408_194439,21.40,968.93,63.42
20170408_194509,21.40,968.97,63.43
20170408_194539,21.39,968.96,63.49
20170408_194609,21.38,968.92,63.49
20170408_194639,21.37,968.91,63.57
20170408_194709,21.35,968.93,63.59
20170408_194739,21.33,968.89,63.65
20170408_194809,21.34,968.88,63.63
20170408_194839,21.35,968.89,63.62
20170408_194909,21.33,968.90,63.68
20170408_194939,21.32,968.98,63.73
20170408_195009,21.31,968.94,63.78
20170408_195039,21.31,969.00,63.82
20170408_195109,21.29,968.97,63.84
20170408_195139,21.31,968.99,63.83
20170408_195209,21.31,969.01,63.83
20170408_195239,21.28,968.98,63.87
20170408_195309,21.27,969.02,63.89
20170408_195339,21.28,969.00,63.92
20170408_195409,21.26,969.04,63.98
20170408_195439,21.28,969.04,63.92
20170408_195510,21.28,969.07,63.96
20170408_195540,21.27,969.08,64.00
20170408_195610,21.26,969.06,64.02
20170408_195640,21.23,969.03,64.11
20170408_195710,21.25,969.06,64.08
20170408_195740,21.24,969.05,64.11
20170408_195810,21.23,969.06,64.12
20170408_195840,21.23,969.10,64.12
20170408_195910,21.22,969.13,64.18
20170408_195940,21.21,969.06,64.19
20170408_200010,21.20,969.10,64.25
20170408_200040,21.18,969.09,64.29
20170408_200110,21.20,969.04,64.22
20170408_200140,21.18,969.05,64.29
20170408_200210,21.16,969.08,64.35
20170408_200240,21.15,969.01,64.37
20170408_200310,21.15,969.09,64.39
20170408_200340,21.14,969.11,64.44
20170408_200410,21.13,969.10,64.48
20170408_200440,21.10,969.05,64.53
20170408_200510,21.10,969.14,64.57
20170408_200540,21.08,969.12,64.64
20170408_200610,21.08,969.11,64.66
20170408_200641,21.06,969.14,64.73
20170408_200711,21.06,969.11,64.75
20170408_200741,21.06,969.13,64.75
20170408_200811,21.03,969.14,64.85
20170408_200841,21.01,969.11,64.91
20170408_200911,21.01,969.13,64.92
20170408_200941,21.00,969.09,64.94
20170408_201011,21.00,969.15,64.97
20170408_201041,21.00,969.18,64.99
20170408_201111,21.00,969.20,65.01
20170408_201141,21.00,969.16,65.00
20170408_201211,20.98,969.17,65.04
20170408_201241,20.99,969.26,65.06
20170408_201311,20.97,969.21,65.12
20170408_201341,20.96,969.18,65.15
20170408_201411,20.96,969.28,65.17
20170408_201441,20.95,969.22,65.22
20170408_201511,20.95,969.24,65.23
20170408_201541,20.95,969.26,65.23
20170408_201611,20.94,969.26,65.26
20170408_201641,20.94,969.25,65.26
20170408_201711,20.93,969.24,65.29
20170408_201741,20.93,969.24,65.29
20170408_201812,20.92,969.21,65.32
20170408_201842,20.91,969.25,65.36
20170408_201912,20.92,969.26,65.34
20170408_201942,20.90,969.19,65.37
20170408_202012,20.90,969.21,65.39
20170408_202042,20.91,969.24,65.38
20170408_202112,20.91,969.22,65.38
20170408_202142,20.88,969.21,65.44
20170408_202212,20.87,969.21,65.51
20170408_202242,20.88,969.22,65.49
20170408_202312,20.85,969.19,65.54
20170408_202342,20.86,969.22,65.54
20170408_202412,20.86,969.24,65.54
20170408_202442,20.85,969.25,65.58
20170408_202512,20.85,969.24,65.58
20170408_202542,20.86,969.23,65.57
20170408_202612,20.85,969.26,65.59
20170408_202642,20.81,969.26,65.70
20170408_202712,20.80,969.33,65.74
20170408_202742,20.78,969.22,65.80
20170408_202812,20.77,969.27,65.82
20170408_202842,20.77,969.28,65.88
20170408_202913,20.76,969.27,65.89
20170408_202943,20.77,969.32,65.89
20170408_203013,20.77,969.30,65.87
20170408_203043,20.79,969.30,65.88
20170408_203113,20.78,969.39,65.88
20170408_203143,20.75,969.38,65.96
20170408_203213,20.74,969.35,66.01
20170408_203243,20.72,969.35,66.04
20170408_203313,20.71,969.38,66.11
20170408_203343,20.70,969.49,66.14
20170408_203413,20.69,969.38,66.19
20170408_203443,20.70,969.35,66.16
20170408_203513,20.69,969.39,66.18
20170408_203543,20.68,969.39,66.19
20170408_203613,20.68,969.43,66.21
20170408_203643,20.63,969.46,66.32
20170408_203713,20.61,969.44,66.38
20170408_203743,20.60,969.46,66.47
20170408_203813,20.58,969.47,66.50
20170408_203843,20.57,969.41,66.54
20170408_203913,20.58,969.46,66.52
20170408_203943,20.58,969.45,66.50
20170408_204013,20.55,969.46,66.57
20170408_204044,20.54,969.47,66.57
20170408_204114,20.54,969.44,66.60
20170408_204144,20.53,969.47,66.62
20170408_204214,20.53,969.46,66.61
20170408_204244,20.54,969.47,66.58
20170408_204314,20.50,969.44,66.68
20170408_204344,20.48,969.44,66.73
20170408_204414,20.48,969.45,66.75
20170408_204444,20.46,969.43,66.80
20170408_204514,20.45,969.46,66.82
20170408_204544,20.47,969.47,66.79
20170408_204614,20.46,969.42,66.81
20170408_204644,20.47,969.37,66.78
20170408_204714,20.46,969.43,66.81
20170408_204744,20.45,969.45,66.82
20170408_204814,20.44,969.38,66.85
20170408_204844,20.43,969.42,66.90
20170408_204914,20.43,969.42,66.88
20170408_204944,20.43,969.47,66.89
20170408_205014,20.43,969.47,66.91
20170408_205044,20.44,969.46,66.88
20170408_205114,20.43,969.44,66.92
20170408_205145,20.43,969.45,66.94
20170408_205215,20.43,969.48,66.90
20170408_205245,20.39,969.53,67.02
20170408_205315,20.40,969.46,67.00
20170408_205345,20.41,969.47,66.97
20170408_205415,20.40,969.49,67.04
20170408_205445,20.37,969.47,67.11
20170408_205515,20.36,969.50,67.17
20170408_205545,20.33,969.51,67.23
20170408_205615,20.32,969.49,67.28
20170408_205645,20.33,969.50,67.25
20170408_205715,20.33,969.47,67.21
20170408_205745,20.31,969.46,67.28
20170408_205815,20.30,969.41,67.29
20170408_205845,20.28,969.43,67.36
20170408_205915,20.28,969.41,67.42
20170408_205945,20.26,969.43,67.48
20170408_210015,20.23,969.35,67.56
20170408_210045,20.21,969.36,67.60
20170408_210115,20.22,969.37,67.62
20170408_210145,20.23,969.31,67.61
20170408_210215,20.20,969.39,67.68
20170408_210245,20.21,969.33,67.70
20170408_210316,20.20,969.38,67.72
20170408_210346,20.19,969.27,67.77
20170408_210416,20.14,969.27,67.87
20170408_210446,20.15,969.29,67.88
20170408_210516,20.14,969.26,67.93
20170408_210546,20.12,969.31,67.95
20170408_210616,20.11,969.32,68.03
20170408_210646,20.12,969.25,67.98
20170408_210716,20.10,969.26,68.06
20170408_210746,20.10,969.25,68.06
20170408_210816,20.12,969.30,68.02
20170408_210846,20.10,969.24,68.07
20170408_210916,20.08,969.31,68.14
20170408_210946,20.08,969.26,68.17
20170408_211016,20.08,969.30,68.17
20170408_211046,20.08,969.26,68.18
20170408_211116,20.06,969.27,68.24
20170408_211146,20.05,969.29,68.28
20170408_211216,20.07,969.25,68.24
20170408_211246,20.06,969.26,68.26
20170408_211316,20.07,969.24,68.24
20170408_211346,20.06,969.22,68.25
20170408_211416,20.03,969.24, NAN
20170408_211447,20.06,969.31,68.28
20170408_211517,20.02,969.26,68.36
20170408_211547,19.99,969.27,68.48
20170408_211617,20.00,969.23,68.49
20170408_211647,19.99,969.22,68.53
20170408_211717,19.98,969.30,68.57
20170408_211747,19.98,969.32,68.59
20170408_211817,19.97,969.27,68.63
20170408_211847,19.97,969.24,68.62
20170408_211917,19.97,969.28,68.63
20170408_211947,19.97,969.23,68.63
20170408_212017,19.97,969.32,68.66
20170408_212047,19.95,969.28,68.71
20170408_212117,19.95,969.24,68.70
20170408_212147,19.94,969.23,68.75
20170408_212217,19.93,969.25,68.80
20170408_212247,19.92,969.24,68.84
20170408_212317,19.91,969.17,68.85
20170408_212347,19.93,969.20,68.83
20170408_212417,19.93,969.18,68.83
20170408_212447,19.92,969.14,68.85
20170408_212517,19.93,969.19,68.86
20170408_212548,19.91,969.16,68.88
20170408_212618,19.91,969.21,68.90
20170408_212648,19.91,969.20,68.90
20170408_212718,19.93,969.13,68.87
20170408_212748,19.92,969.17,68.88
20170408_212818,19.92,969.15,68.91
20170408_212848,19.92,969.08,68.91
20170408_212918,19.93,969.16,68.90
20170408_212948,19.93,969.19,68.91
20170408_213018,19.93,969.13,68.92
20170408_213048,19.92,969.19,68.93
20170408_213118,19.93,969.17,68.93
20170408_213148,19.93,969.12,68.92
20170408_213218,19.96,969.11,68.86
20170408_213248,19.96,969.06,68.85
20170408_213318,19.94,969.14,68.90
20170408_213348,19.95,969.11,68.90
20170408_213418,19.93,969.07,68.92
20170408_213448,19.93,969.07,68.94
20170408_213518,19.95,969.03,68.93
20170408_213548,19.94,969.13,68.93
20170408_213618,19.94,969.10,68.96
20170408_213648,19.90,969.13,69.01
20170408_213719,19.92,969.13,69.03
20170408_213749,19.91,969.11,69.00
20170408_213819,19.90,969.09,69.04
20170408_213849,19.91,969.13,69.04
20170408_213919,19.88,969.10,69.08
20170408_213949,19.90,969.13,69.05
20170408_214019,19.91,969.06,69.04
20170408_214049,19.92,969.08,69.02
20170408_214119,19.89,969.11,69.07
20170408_214149,19.90,969.02,69.06
20170408_214219,19.91,969.06,69.06
20170408_214249,19.92,969.10,69.02
20170408_214319,19.90,969.04,69.07
20170408_214349,19.89,969.06,69.13
20170408_214419,19.88,969.08,69.15
20170408_214449,19.90,969.06,69.07
20170408_214519,19.90,969.04,69.08
20170408_214549,19.90,969.01,69.10
20170408_214619,19.91,969.06,69.08
20170408_214649,19.88,969.00,69.14
20170408_214719,19.89,968.96,69.12
20170408_214749,19.89,968.97,69.14
20170408_214819,19.87,968.97,69.19
20170408_214850,19.87,969.01,69.21
20170408_214920,19.86,969.01,69.23
20170408_214950,19.88,968.98,69.16
20170408_215020,19.90,968.90,69.14
20170408_215050,19.90,968.99,69.11
20170408_215120,19.89,968.95,69.15
20170408_215150,19.88,968.97,69.19
20170408_215220,19.88,969.01,69.17
20170408_215250,19.91,968.90,69.10
20170408_215320,19.93,968.95,69.08
20170408_215350,19.93,968.92,69.08
20170408_215420,19.91,968.92,69.15
20170408_215450,19.91,968.92,69.16
20170408_215520,19.91,968.93,69.15
20170408_215550,19.91,968.92,69.16
20170408_215620,19.89,968.92,69.19
20170408_215650,19.88,968.94,69.22
20170408_215720,19.89,968.97,69.19
20170408_215750,19.90,968.96,69.19
20170408_215821,19.90,969.00,69.18
20170408_215851,19.90,968.96,69.21
20170408_215921,19.91,968.89,69.19
20170408_215951,19.90,968.96,69.21
20170408_220021,19.91,968.95,69.17
20170408_220051,19.90,969.03,69.21
20170408_220121,19.89,968.94,69.24
20170408_220151,19.92,968.97,69.17
20170408_220221,19.93,968.97,69.16
20170408_220251,19.91,968.94,69.20
20170408_220321,19.90,968.94,69.19
20170408_220351,19.91,968.95,69.19
20170408_220421,19.92,968.94,69.19
20170408_220451,19.92,968.92,69.14
20170408_220521,19.92,968.94,69.14
20170408_220551,19.93,968.92,69.12
20170408_220621,19.96,968.94,69.04
20170408_220651,19.95,968.83,69.02
20170408_220721,19.96,968.92,68.98
20170408_220751,19.95,968.90,69.03
20170408_220821,19.93,968.84,69.08
20170408_220851,19.93,968.81,69.08
20170408_220921,19.94,968.83,69.08
20170408_220952,19.93,968.90,69.08
20170408_221022,19.92,968.87,69.12
20170408_221052,19.93,968.87,69.09
20170408_221122,19.93,968.87,69.07
20170408_221152,19.93,968.90,69.09
20170408_221222,19.90,968.94,69.12
20170408_221252,19.92,968.82,69.11
20170408_221322,19.91,968.86,69.12
20170408_221352,19.91,968.86,69.11
20170408_221422,19.90,968.84,69.12
20170408_221452,19.92,968.86,69.08
20170408_221522,19.91,968.95,69.11
20170408_221552,19.89,968.86,69.17
20170408_221622,19.88,968.92,69.19
20170408_221652,19.89,968.88,69.16
20170408_221722,19.87,968.88,69.22
20170408_221752,19.86,968.89,69.26
20170408_221822,19.86,968.91,69.26
20170408_221852,19.85,968.87,69.26
20170408_221922,19.86,968.86,69.25
20170408_221952,19.86,968.77,69.25
20170408_222022,19.85,968.81,69.29
20170408_222053,19.85,968.86,69.28
20170408_222123,19.82,968.81,69.33
20170408_222153,19.85,968.83,69.26
20170408_222223,19.83,968.81,69.30
20170408_222253,19.84,968.89,69.30
20170408_222323,19.84,968.87,69.29
20170408_222353,19.81,968.81,69.35
20170408_222423,19.80,968.80,69.37
20170408_222453,19.80,968.81,69.39
20170408_222523,19.78,968.83,69.48
20170408_222553,19.78,968.79,69.47
20170408_222623,19.79,968.82,69.47
20170408_222653,19.76,968.73,69.50
20170408_222723,19.76,968.80,69.55
20170408_222753,19.74,968.83,69.59
20170408_222823,19.73,968.75,69.62
20170408_222853,19.73,968.75,69.61
20170408_222923,19.74,968.80,69.63
20170408_222953,19.73,968.74,69.66
20170408_223023,19.71,968.74,69.75
20170408_223053,19.69,968.75,69.81
20170408_223123,19.65,968.70,69.89
20170408_223153,19.66,968.71,69.88
20170408_223224,19.67,968.70,69.84
20170408_223254,19.66,968.69,69.84
20170408_223324,19.67,968.74,69.83
20170408_223354,19.66,968.72,69.85
20170408_223424,19.65,968.67,69.88
20170408_223454,19.65,968.75,69.87
20170408_223524,19.66,968.65,69.87
20170408_223554,19.65,968.72,69.90
20170408_223624,19.65,968.71,69.91
20170408_223654,19.64,968.72,69.90
20170408_223724,19.63,968.68,69.91
20170408_223754,19.63,968.69,69.95
20170408_223824,19.62,968.66,69.95
20170408_223854,19.62,968.71,69.99
20170408_223924,19.62,968.62,69.98
20170408_223954,19.61,968.68,69.99
20170408_224024,19.59,968.67,70.07
20170408_224054,19.59,968.63,70.10
20170408_224124,19.57,968.66,70.13
20170408_224154,19.57,968.61,70.15
20170408_224224,19.57,968.63,70.13
20170408_224254,19.56,968.65,70.14
20170408_224324,19.57,968.65,70.14
20170408_224355,19.57,968.66,70.14
20170408_224425,19.57,968.67,70.11
20170408_224455,19.56,968.61,70.12
20170408_224525,19.56,968.63,70.14
20170408_224555,19.55,968.63,70.17
20170408_224625,19.57,968.58,70.11
20170408_224655,19.55,968.62,70.15
20170408_224725,19.56,968.58,70.13
20170408_224755,19.55,968.63,70.14
20170408_224825,19.54,968.61,70.16
20170408_224855,19.54,968.60,70.17
20170408_224925,19.54,968.61,70.14
20170408_224955,19.54,968.61,70.15
20170408_225025,19.53,968.62,70.16
20170408_225055,19.53,968.49,70.13
20170408_225125,19.55,968.59,70.11
20170408_225155,19.53,968.49,70.14
20170408_225225,19.54,968.52,70.13
20170408_225255,19.52,968.52,70.15
20170408_225325,19.52,968.51,70.17
20170408_225355,19.50,968.44,70.21
20170408_225425,19.48,968.44,70.27
20170408_225456,19.47,968.47,70.29
20170408_225526,19.46,968.42,70.30
20170408_225556,19.47,968.43,70.30
20170408_225626,19.47,968.38,70.33
20170408_225656,19.45,968.37,70.37
20170408_225726,19.44,968.38,70.38
20170408_225756,19.44,968.40,70.33
20170408_225826,19.44,968.37,70.37
20170408_225856,19.42,968.36,70.40
20170408_225926,19.42,968.39,70.45
20170408_225956,19.42,968.38,70.43
20170408_230026,19.43,968.41,70.40
20170408_230056,19.43,968.37,70.42
20170408_230126,19.43,968.41,70.42
20170408_230156,19.42,968.36,70.44
20170408_230226,19.41,968.36,70.48
20170408_230256,19.40,968.35,70.51
20170408_230326,19.39,968.33,70.54
20170408_230356,19.37,968.40,70.57
20170408_230426,19.38,968.41,70.58
20170408_230456,19.37,968.34,70.63
20170408_230526,19.34,968.38,70.68
20170408_230556,19.35,968.39,70.67
20170408_230627,19.34,968.42,70.70
20170408_230657,19.35,968.41,70.69
20170408_230727,19.32,968.41,70.74
20170408_230757,19.33,968.40,70.68
20170408_230827,19.33,968.42,70.73
20170408_230857,19.33,968.40,70.74
20170408_230927,19.32,968.49,70.77
20170408_230957,19.31,968.47,70.77
20170408_231027,19.31,968.40,70.81
20170408_231057,19.31,968.36,70.77
20170408_231127,19.32,968.39,70.75
20170408_231157,19.32,968.36,70.77
20170408_231227,19.31,968.41,70.77
20170408_231257,19.31,968.41,70.79
20170408_231327,19.30,968.39,70.81
20170408_231357,19.29,968.38,70.83
20170408_231427,19.28,968.39,70.88
20170408_231457,19.28,968.34,70.89
20170408_231527,19.29,968.28,70.89
20170408_231557,19.27,968.36,70.88
20170408_231627,19.27,968.33,70.88
20170408_231657,19.27,968.33,70.88
20170408_231727,19.26,968.32,70.91
20170408_231758,19.27,968.31,70.90
20170408_231828,19.27,968.24,70.86
20170408_231858,19.28,968.29,70.85
20170408_231928,19.26,968.28,70.87
20170408_231958,19.25,968.28,70.89
20170408_232028,19.28,968.28,70.84
20170408_232058,19.28,968.31,70.82
20170408_232128,19.28,968.26,70.80
20170408_232158,19.30,968.33,70.72
20170408_232228,19.30,968.29,70.70
20170408_232258,19.31,968.24,70.67
20170408_232328,19.32,968.26,70.63
20170408_232358,19.30,968.27,70.68
20170408_232428,19.31,968.28,70.68
20170408_232458,19.30,968.24,70.69
20170408_232528,19.30,968.25,70.69
20170408_232558,19.31,968.31,70.68
20170408_232628,19.29,968.24,70.72
20170408_232658,19.27,968.27,70.81
20170408_232728,19.27,968.28,70.77
20170408_232758,19.28,968.32,70.77
20170408_232828,19.28,968.26,70.75
20170408_232859,19.29,968.29,70.79
20170408_232929,19.26,968.25,70.79
20170408_232959,19.29,968.29,70.72
20170408_233029,19.28,968.27,70.73
20170408_233059,19.27,968.33,70.77
20170408_233129,19.28,968.32,70.77
20170408_233159,19.27,968.33,70.77
20170408_233229,19.27,968.27,70.78
20170408_233259,19.26,968.34,70.79
20170408_233329,19.27,968.29,70.75
20170408_233359,19.27,968.25,70.77
20170408_233429,19.25,968.33,70.81
20170408_233459,19.25,968.29,70.81
20170408_233529,19.26,968.27,70.80
20170408_233559,19.25,968.21,70.83
20170408_233629,19.24,968.28,70.90
20170408_233659,19.25,968.16,70.83
20170408_233729,19.26,968.19,70.79
20170408_233759,19.24,968.19,70.85
20170408_233829,19.22,968.18,70.89
20170408_233859,19.23,968.17,70.91
20170408_233929,19.21,968.13,70.94
20170408_233959,19.21,968.16,70.92
20170408_234030,19.21,968.15,70.90
20170408_234100,19.20,968.25,70.95
20170408_234130,19.22,968.19,70.91
20170408_234200,19.20,968.18,70.94
20170408_234230,19.19,968.26,71.00
20170408_234300,19.19,968.11,71.00
20170408_234330,19.19,968.14,70.99
20170408_234400,19.18,968.16,71.01
20170408_234430,19.20,968.14,70.96
20170408_234500,19.18,968.13,71.01
20170408_234530,19.19,968.17,70.98
20170408_234600,19.19,968.15,70.96
20170408_234630,19.18,968.13,71.00
20170408_234700,19.18,968.16,70.96
20170408_234730,19.17,968.17,71.01
20170408_234800,19.15,968.15,71.08
20170408_234830,19.14,968.10,71.08
20170408_234900,19.15,968.09,71.06
20170408_234930,19.14,968.08,71.09
20170408_235000,19.16,968.10,71.05
20170408_235030,19.14,968.10,71.08
20170408_235100,19.14,968.09,71.06
20170408_235130,19.13,968.13,71.09
20170408_235201,19.14,968.15,71.04
20170408_235231,19.13,968.12,71.06
20170408_235301,19.13,968.11,71.08
20170408_235331,19.13,968.11,71.08
20170408_235401,19.13,968.11,71.07
20170408_235431,19.12,968.14,71.14
20170408_235501,19.12,968.11,71.12
20170408_235531,19.14,968.08,71.05
20170408_235601,19.14,968.07,71.04
20170408_235631,19.12,968.04,71.07
20170408_235701,19.12,968.10,71.07
20170408_235731,19.11,968.05,71.09
20170408_235801,19.12,968.02,71.06
20170408_235831,19.12,967.99,71.07
20170408_235901,19.12,968.07,71.09
20170408_235931,19.12,968.01,71.08
