20170409_191726,23.71,965.50,69.78
20170409_191756,23.84,965.45,69.47
20170409_191826,23.91,965.53,69.25
20170409_191856,23.90,965.52,69.19
20170409_191926,23.94,965.47,69.09
20170409_191957,23.95,965.53,69.02
20170409_192027,23.98,965.48,68.92
20170409_192057,23.96,965.46, NAN
20170409_192127,23.96,965.46,68.96
20170409_192157,23.95,965.47,68.99
20170409_192227,23.93,965.44,69.01
20170409_192257,23.92,965.41,69.02
20170409_192327,23.91,965.42,69.07
20170409_192357,23.91,965.36,69.05
20170409_192427,23.93,965.40,69.02
20170409_192457,23.98,965.31,68.84
20170409_192527,23.95,965.34,68.93
20170409_192557,23.90,965.25,69.08
20170409_192627,23.88,965.31,69.15
20170409_192657,23.89,965.36,69.14
20170409_192727,23.86,965.35,69.19
20170409_192757,23.82,965.31,69.24
20170409_192827,23.77,965.28,69.39
20170409_192857,23.76,965.37,69.41
20170409_192927,23.75,965.32,69.50
20170409_192957,23.79,965.30,69.39
20170409_193027,23.75,965.36,69.45
20170409_193058,23.78,965.31,69.38
20170409_193128,23.72,965.33,69.49
20170409_193158,23.73,965.30,69.48
20170409_193228,23.74,965.22,69.45
20170409_193258,23.71,965.33,69.52
20170409_193328,23.69,965.19,69.51
20170409_193358,23.65,965.16,69.63
20170409_193428,23.67,965.19,69.53
20170409_193458,23.66,965.22,69.55
20170409_193528,23.67,965.23,69.54
20170409_193558,23.64,965.32,69.55
20170409_193628,23.63,965.17,69.63
20170409_193658,23.63,965.23,69.55
20170409_193728,23.63,965.21,69.60
20170409_193758,23.61,965.16,69.54
20170409_193828,23.59,965.29,69.58
20170409_193858,23.58,965.15,69.69
20170409_193928,23.57,965.10,69.39
20170409_193958,23.56,965.10,69.58
20170409_194028,23.58,965.00,69.54
20170409_194058,23.53,965.07,69.38
20170409_194128,23.50,965.11,69.80
20170409_194159,23.52,965.20,69.88
20170409_194229,23.42,965.16,69.98
20170409_194259,23.37,965.12,70.17
20170409_194329,23.31,965.04,70.31
20170409_194359,23.29,965.11,70.41
20170409_194429,23.25,965.01,70.52
20170409_194459,23.23,965.01,70.62
20170409_194529,23.22,964.96,70.68
20170409_194559,23.15,964.98,70.85
20170409_194629,23.12,964.93,71.00
20170409_194659,23.12,965.00,71.01
20170409_194729,23.12,964.95,71.03
20170409_194759,23.12,964.91,71.04
20170409_194829,23.10,964.97,71.10
20170409_194859,23.07,964.86,71.18
20170409_194929,23.05,964.88,71.26
20170409_194959,23.05,964.90,71.31
20170409_195029,23.05,964.97,71.31
20170409_195059,23.05,964.88,71.31
20170409_195129,23.06,964.85,71.31
20170409_195159,23.04,964.86,71.37
20170409_195229,23.00,964.92,71.51
20170409_195259,23.02,964.90,71.45
20170409_195330,23.00,964.97,71.54
20170409_195400,23.02,965.01,71.49
20170409_195430,23.03,964.94,71.46
20170409_195500,23.04,964.84,71.46
20170409_195530,23.04,964.86,71.46
20170409_195600,23.05,964.87,71.45
20170409_195630,23.04,964.83,71.46
20170409_195700,23.04,964.82,71.45
20170409_195730,23.03,964.83,71.52
20170409_195800,23.01,964.82,71.61
20170409_195830,23.00,964.81,71.62
20170409_195900,23.02,964.86,71.56
20170409_195930,23.03,964.72,71.51
20170409_200000,23.05,964.93,71.48
20170409_200030,23.04,964.87,71.57
20170409_200100,23.04,964.91,71.56
20170409_200130,23.04,964.93,71.54
20170409_200200,23.04,964.90,71.54
20170409_200230,23.04,965.00,71.56
20170409_200300,23.02,965.08,71.63
20170409_200330,23.03,965.07,71.67
20170409_200401,23.03,965.26,71.67
20170409_200431,23.04,965.39,71.66
20170409_200501,23.05,965.55,71.62
20170409_200531,23.05,965.64,71.62
20170409_200601,23.04,965.67,71.63
20170409_200631,23.05,965.81,71.64
20170409_200701,23.05,965.93,71.62
20170409_200731,23.06,966.11,71.64
20170409_200801,23.05,966.21,71.67
20170409_200831,23.05,966.24,71.67
20170409_200901,23.04,966.29,71.77
20170409_200931,23.03,966.22,71.75
20170409_201001,23.03,966.27,71.75
20170409_201031,23.03,966.29,71.75
20170409_201101,23.01,966.31,71.81
20170409_201131,23.01,966.33,71.83
20170409_201201,23.00,966.39,71.87
20170409_201231,22.99,966.38,71.94
20170409_201301,22.97,966.52,71.99
20170409_201331,22.95,966.49,72.06
20170409_201401,22.92,966.50,72.15
20170409_201431,22.93,966.51,72.16
20170409_201501,22.92,966.49,72.20
20170409_201532,22.90,966.47,72.24
20170409_201602,22.90,966.46,72.21
20170409_201632,22.89,966.35,72.23
20170409_201702,22.88,966.36,72.27
20170409_201732,22.89,966.53,72.25
20170409_201802,22.87,966.48,72.31
20170409_201832,22.88,966.53,72.30
20170409_201902,22.86,966.56,72.32
20170409_201932,22.85,966.56,72.40
20170409_202002,22.84,966.52,72.40
20170409_202032,22.82,966.54,72.44
20170409_202102,22.80,966.50,72.54
20170409_202132,22.79,966.53,72.58
20170409_202202,22.78,966.49,72.60
20170409_202232,22.77,966.46,72.65
20170409_202302,22.76,966.46,72.69
20170409_202332,22.77,966.47,72.65
20170409_202402,22.78,966.50,72.63
20170409_202432,22.77,966.49,72.68
20170409_202502,22.77,966.54,72.67
20170409_202532,22.77,966.51,72.65
20170409_202602,22.75,966.49,72.72
20170409_202633,22.74,966.51,72.73
20170409_202703,22.74,966.51,72.75
20170409_202733,22.75,966.53,72.73
20170409_202803,22.74,966.42,72.75
20170409_202833,22.75,966.49,72.68
20170409_202903,22.77,966.61,72.58
20170409_202933,22.79,966.63,72.60
20170409_203003,22.76,966.61,72.68
20170409_203033,22.74,966.69,72.77
20170409_203103,22.74,966.60,72.75
20170409_203133,22.74,966.63,72.78
20170409_203203,22.73,966.68,72.78
20170409_203233,22.72,966.72,72.84
20170409_203303,22.73,966.70,72.81
20170409_203333,22.75,966.68,72.71
20170409_203403,22.75,966.75,72.72
20170409_203433,22.75,966.71,72.75
20170409_203503,22.76,966.69,72.74
20170409_203533,22.75,966.64,72.72
20170409_203603,22.74,966.72,72.79
20170409_203633,22.74,966.77,72.81
20170409_203703,22.74,966.72,72.78
20170409_203734,22.74,966.68,72.79
20170409_203804,22.73,966.78,72.82
20170409_203834,22.71,966.72,72.92
20170409_203904,22.71,966.86,72.92
20170409_203934,22.70,966.84,72.96
20170409_204004,22.69,966.87,72.97
20170409_204034,22.69,966.85,72.99
20170409_204104,22.70,966.86,72.96
20170409_204134,22.68,966.88,73.00
20170409_204204,22.70,966.95,73.00
20170409_204234,22.70,966.99,73.05
20170409_204304,22.73,966.97,72.95
20170409_204334,22.75,966.97,72.87
20170409_204404,22.75,966.97,72.89
20170409_204434,22.74,966.96,72.92
20170409_204504,22.73,966.96,72.97
20170409_204534,22.72,966.98,72.97
20170409_204604,22.72,966.95,73.01
20170409_204634,22.73,967.01,73.00
20170409_204704,22.73,966.94,72.97
20170409_204734,22.73,967.10,73.01
20170409_204804,22.73,967.03,73.00
20170409_204834,22.73,967.01,73.00
20170409_204905,22.73,967.01,73.00
20170409_204935,22.73,966.97,73.02
20170409_205005,22.73,966.91,73.02
20170409_205035,22.71,966.99,73.06
20170409_205105,22.70,966.94,73.11
20170409_205135,22.67,966.94,73.21
20170409_205205,22.66,966.88,73.25
20170409_205235,22.66,966.92,73.26
20170409_205305,22.65,966.94,73.31
20170409_205335,22.62,966.88,73.37
20170409_205405,22.62,966.91,73.41
20170409_205435,22.60,966.88,73.47
20170409_205505,22.58,966.87,73.54
20170409_205535,22.57,966.91,73.61
20170409_205605,22.58,966.92,73.60
20170409_205635,22.58,966.93,73.60
20170409_205705,22.59,966.89,73.58
20170409_205735,22.56,966.97,73.64
20170409_205805,22.55,966.94,73.69
20170409_205835,22.56,966.92,73.66
20170409_205905,22.57,966.96,73.65
20170409_205935,22.56,966.94,73.66
20170409_210006,22.53,966.97,73.74
20170409_210036,22.51,966.92,73.81
20170409_210106,22.50,966.98,73.86
20170409_210136,22.47,966.90,73.92
20170409_210206,22.45,966.94,74.03
20170409_210236,22.43,966.92,74.10
20170409_210306,22.42,966.92,74.11
20170409_210336,22.41,966.91,74.17
20170409_210406,22.40,966.96,74.19
20170409_210436,22.39,966.96,74.28
20170409_210506,22.38,967.00,74.38
20170409_210536,22.39,966.97,74.34
20170409_210606,22.40,966.98,74.34
20170409_210636,22.40,966.96,74.34
20170409_210706,22.41,966.96,74.35
20170409_210736,22.40,967.03,74.37
20170409_210806,22.38,966.97,74.46
20170409_210836,22.39,967.06,74.44
20170409_210906,22.39,966.94,74.44
20170409_210936,22.38,966.99,74.54
20170409_211006,22.39,966.94,74.48
20170409_211036,22.40,966.88,74.46
20170409_211107,22.38,966.96,74.48
20170409_211137,22.37,966.88,74.53
20170409_211207,22.37,966.92,74.58
20170409_211237,22.36,966.90,74.59
20170409_211307,22.34,966.96,74.69
20170409_211337,22.35,966.93,74.67
20170409_211407,22.34,966.95,74.67
20170409_211437,22.33,966.97,74.71
20170409_211507,22.31,966.92,74.80
20170409_211537,22.31,966.92,74.80
20170409_211607,22.29,967.00,74.88
20170409_211637,22.25,966.99,75.01
20170409_211707,22.26,967.06,75.04
20170409_211737,22.24,967.05,75.10
20170409_211807,22.24,967.03,75.14
20170409_211837,22.23,967.04,75.16
20170409_211907,22.22,967.07,75.23
20170409_211937,22.20,967.02,75.28
20170409_212007,22.19,966.94,75.31
20170409_212037,22.18,966.96,75.32
20170409_212107,22.16,967.04,75.42
20170409_212137,22.16,967.00,75.45
20170409_212208,22.16,967.05,75.47
20170409_212238,22.14,967.08,75.50
20170409_212308,22.14,967.07,75.58
20170409_212338,22.12,967.04,75.63
20170409_212408,22.11,967.02,75.63
20170409_212438,22.09,967.03,75.69
20170409_212508,22.06,967.10,75.78
20170409_212538,22.04,967.10,75.90
20170409_212608,22.01,967.17,76.04
20170409_212638,22.03,967.12,76.00
20170409_212708,22.05,967.10,75.99
20170409_212738,22.06,967.19,75.96
20170409_212808,22.08,967.21,75.95
20170409_212838,22.08,967.12,75.94
20170409_212908,22.09,967.22,75.89
20170409_212938,22.08,967.17,75.92
20170409_213008,22.06,967.18,75.96
20170409_213038,22.03,967.24,76.08
20170409_213108,22.01,967.14,76.16
20170409_213138,22.01,967.17,76.20
20170409_213208,22.01,967.18,76.19
20170409_213238,22.01,967.22,76.20
20170409_213309,22.00,967.21,76.26
20170409_213339,21.98,967.22,76.31
20170409_213409,21.96,967.22,76.36
20170409_213439,21.95,967.22,76.43
20170409_213509,21.93,967.23,76.49
20170409_213539,21.92,967.25,76.55
20170409_213609,21.93,967.23,76.58
20170409_213639,21.91,967.28,76.64
20170409_213709,21.89,967.25,76.69
20170409_213739,21.90,967.25,76.71
20170409_213809,21.90,967.27,76.71
20170409_213839,21.89,967.32,76.73
20170409_213909,21.89,967.29,76.77
20170409_213939,21.88,967.30,76.82
20170409_214009,21.90,967.28,76.76
20170409_214039,21.90,967.31,76.78
20170409_214109,21.89,967.42,76.79
20170409_214139,21.87,967.39,76.85
20170409_214209,21.88,967.38,76.85
20170409_214239,21.85,967.35,76.95
20170409_214309,21.84,967.44,76.96
20170409_214339,21.83,967.47,76.98
20170409_214409,21.83,967.44,77.00
20170409_214440,21.81,967.49,77.07
20170409_214510,21.81,967.48,77.13
20170409_214540,21.80,967.55,77.26
20170409_214610,21.78,967.51,77.26
20170409_214640,21.79,967.49,77.34
20170409_214710,21.81,967.56,77.30
20170409_214740,21.80,967.53,77.29
20170409_214810,21.80,967.57,77.38
20170409_214840,21.77,967.55,77.44
20170409_214910,21.78,967.51,77.41
20170409_214940,21.76,967.55,77.45
20170409_215010,21.75,967.50,77.51
20170409_215040,21.76,967.57,77.56
20170409_215110,21.75,967.65,77.62
20170409_215140,21.76,967.64,77.59
20170409_215210,21.76,967.64,77.57
20170409_215240,21.76,967.63,77.60
20170409_215310,21.76,967.72,77.60
20170409_215340,21.75,967.61,77.62
20170409_215410,21.75,967.67,77.65
20170409_215440,21.73,967.74,77.69
20170409_215510,21.73,967.67,77.71
20170409_215541,21.71,967.75,77.77
20170409_215611,21.70,967.81,77.84
20170409_215641,21.70,967.72,77.89
20170409_215711,21.71,967.75,77.84
20170409_215741,21.71,967.80,77.89
20170409_215811,21.70,967.87,77.90
20170409_215841,21.69,967.87,77.94
20170409_215911,21.69,967.91,77.99
20170409_215941,21.68,967.92,78.01
20170409_220011,21.66,967.87,78.09
20170409_220041,21.66,967.90,78.09
20170409_220111,21.67,967.95,78.06
20170409_220141,21.67,967.90,78.06
20170409_220211,21.68,967.91,78.04
20170409_220241,21.67,967.97,78.08
20170409_220311,21.67,968.01,78.08
20170409_220341,21.66,967.98,78.12
20170409_220411,21.67,967.98,78.12
20170409_220441,21.67,967.99,78.13
20170409_220511,21.68,968.02,78.04
20170409_220541,21.74,967.99,77.70
20170409_220611,21.76,967.99,77.68
20170409_220641,21.76,967.94,77.69
20170409_220712,21.74,968.00,77.69
20170409_220742,21.75,967.95,77.64
20170409_220812,21.75,968.06,77.68
20170409_220842,21.73,967.99,77.76
20170409_220912,21.74,968.07,77.67
20170409_220942,21.75,968.07,77.64
20170409_221012,21.75,968.07,77.67
20170409_221042,21.72,968.09,77.74
20170409_221112,21.69,968.08,77.83
20170409_221142,21.70,968.06,77.81
20170409_221212,21.71,968.09,77.80
20170409_221242,21.69,968.13,77.80
20170409_221312,21.68,968.15,77.71
20170409_221342,21.69,968.21,77.71
20170409_221412,21.68,968.22,77.77
20170409_221442,21.65,968.18,77.88
20170409_221512,21.63,968.27,77.96
20170409_221542,21.61,968.23,78.00
20170409_221612,21.60,968.19,78.05
20170409_221642,21.58,968.18,78.12
20170409_221712,21.55,968.20,78.19
20170409_221742,21.52,968.21,78.25
20170409_221813,21.50,968.22,78.32
20170409_221843,21.50,968.24,78.36
20170409_221913,21.48,968.23,78.36
20170409_221943,21.46,968.24,78.43
20170409_222013,21.47,968.18,78.21
20170409_222043,21.47,968.19,78.14
20170409_222113,21.47,968.18,78.27
20170409_222143,21.46,968.18,77.88
20170409_222213,21.47,968.19,77.74
20170409_222243,21.44,968.19,77.91
20170409_222313,21.43,968.29,77.97
20170409_222343,21.40,968.35,78.10
20170409_222413,21.38,968.29,78.11
20170409_222443,21.35,968.38,78.18
20170409_222513,21.29,968.37,78.42
20170409_222543,21.25,968.31,78.55
20170409_222613,21.22,968.34,78.65
20170409_222643,21.17,968.40,78.70
20170409_222713,21.17,968.37,78.63
20170409_222743,21.14,968.43,78.69
20170409_222813,21.10,968.40,78.78
20170409_222843,21.06,968.48,78.81
20170409_222913,21.03,968.42,78.88
20170409_222944,20.97,968.47,78.94
20170409_223014,20.91,968.36,79.03
20170409_223044,20.88,968.46,78.99
20170409_223114,20.85,968.44,79.07
20170409_223144,20.80,968.51,78.97
20170409_223214,20.77,968.47,79.01
20170409_223244,20.71,968.52,79.17
20170409_223314,20.68,968.56,79.24
20170409_223344,20.65,968.63,79.39
20170409_223414,20.60,968.61,79.44
20170409_223444,20.55,968.70,79.44
20170409_223514,20.54,968.88,79.24
20170409_223544,20.51,968.88,79.40
20170409_223614,20.48,969.02,79.39
20170409_223644,20.45,969.04,79.50
20170409_223714,20.41,969.04,79.51
20170409_223744,20.39,969.09,79.64
20170409_223814,20.36,969.13,79.49
20170409_223844,20.36,969.10,79.22
20170409_223914,20.37,969.07,78.97
20170409_223944,20.38,969.13,78.62
20170409_224014,20.39,969.12,78.46
20170409_224045,20.38,969.11,78.35
20170409_224115,20.39,969.17,78.21
20170409_224145,20.37,969.15,78.01
20170409_224215,20.36,969.19,77.84
20170409_224245,20.36,969.15,77.71
20170409_224315,20.37,969.14,77.51
20170409_224345,20.36,969.03,77.18
20170409_224415,20.36,969.03,76.90
20170409_224445,20.34,969.08,76.55
20170409_224515,20.31,969.13,76.49
20170409_224545,20.29,969.12,76.56
20170409_224615,20.28,969.05,76.50
20170409_224645,20.25,969.04,76.55
20170409_224715,20.23,969.08,76.41
20170409_224745,20.20,969.09,76.38
20170409_224815,20.17,969.11,76.50
20170409_224845,20.15,969.17,76.62
20170409_224915,20.13,969.33,76.61
20170409_224945,20.10,969.30,76.70
20170409_225015,20.04,969.33,76.93
20170409_225045,20.00,969.30,77.01
20170409_225115,19.99,969.27,77.02
20170409_225146,19.94,969.28,76.86
20170409_225216,19.90,969.24,76.88
20170409_225246,19.89,969.25,76.64
20170409_225316,19.86,969.28,76.90
20170409_225346,19.83,969.22,77.04
20170409_225416,19.82,969.20,76.60
20170409_225446,19.79,969.24,76.99
20170409_225516,19.73,969.29,77.25
20170409_225546,19.69,969.30,77.46
20170409_225616,19.66,969.25,77.06
20170409_225646,19.66,969.27,76.60
20170409_225716,19.65,969.24,76.65
20170409_225746,19.66,969.25,76.49
20170409_225816,19.63,969.22,76.58
20170409_225846,19.61,969.27,76.62
20170409_225916,19.57,969.19,76.56
20170409_225946,19.55,969.25,76.52
20170409_230016,19.54,969.20,76.37
20170409_230046,19.53,969.17,76.39
20170409_230116,19.49,969.16,76.35
20170409_230147,19.48,969.22,76.34
20170409_230217,19.46,969.27,76.45
20170409_230247,19.42,969.12,76.54
20170409_230317,19.40,969.19,76.44
20170409_230347,19.39,969.14,76.23
20170409_230417,19.38,969.15,76.31
20170409_230447,19.35,969.19,76.34
20170409_230517,19.35,969.19,76.17
20170409_230547,19.34,969.08,76.10
20170409_230617,19.33,969.12,76.00
20170409_230647,19.32,969.04,76.01
20170409_230717,19.32,968.99,76.11
20170409_230747,19.30,968.98,76.26
20170409_230817,19.25,968.92,76.49
20170409_230847,19.21,968.87,76.53
20170409_230917,19.21,968.88,76.30
20170409_230947,19.20,968.91,76.36
20170409_231017,19.18,968.92,76.14
20170409_231047,19.18,968.92,75.81
20170409_231117,19.18,969.00,75.72
20170409_231147,19.19,968.97,75.56
20170409_231217,19.17,968.96,75.57
20170409_231248,19.16,968.91,75.38
20170409_231318,19.17,969.05,75.42
20170409_231348,19.13,968.94,75.59
20170409_231418,19.10,968.82,75.56
20170409_231448,19.15,969.03,74.18
20170409_231518,19.17,969.01,74.19
20170409_231548,19.15,968.95,74.47
20170409_231618,19.12,969.02,74.68
20170409_231648,19.10,969.07,74.71
20170409_231718,19.09,969.01,74.73
20170409_231748,19.07,969.12,74.88
20170409_231818,19.07,969.15,74.65
20170409_231848,19.05,969.09,74.86
20170409_231918,19.02,969.20,75.01
20170409_231948,18.99,969.16,75.05
20170409_232018,18.98,969.09,75.13
20170409_232048,18.97,969.13,75.07
20170409_232118,18.95,969.11,75.02
20170409_232148,18.94,969.20,74.96
20170409_232218,18.94,969.24,75.08
20170409_232248,18.91,969.24,75.17
20170409_232318,18.90,969.25,75.27
20170409_232348,18.90,969.23,75.37
20170409_232419,18.86,969.27,75.41
20170409_232449,18.84,969.22,75.32
20170409_232519,18.82,969.29,75.42
20170409_232549,18.79,969.41,75.56
20170409_232619,18.78,969.46,75.58
20170409_232649,18.77,969.43,75.44
20170409_232719,18.75,969.49,75.53
20170409_232749,18.74,969.48,75.52
20170409_232819,18.73,969.44,75.55
20170409_232849,18.71,969.37,75.37
20170409_232919,18.73,969.37,75.32
20170409_232949,18.73,969.33,75.08
20170409_233019,18.73,969.40,75.29
20170409_233049,18.72,969.44,75.18
20170409_233119,18.71,969.40,75.25
20170409_233149,18.69,969.46,75.28
20170409_233219,18.67,969.43,75.38
20170409_233249,18.66,969.43,75.47
20170409_233319,18.63,969.48,75.56
20170409_233349,18.62,969.55,75.45
20170409_233419,18.62,969.55,75.45
20170409_233449,18.60,969.52,75.25
20170409_233519,18.64,969.48,74.85
20170409_233550,18.65,969.56,74.90
20170409_233620,18.65,969.43,74.86
20170409_233650,18.63,969.50,74.95
20170409_233720,18.58,969.49,75.38
20170409_233750,18.59,969.36,75.03
20170409_233820,18.59,969.41,75.07
20170409_233850,18.59,969.30,75.20
20170409_233920,18.55,969.16,74.79
20170409_233950,18.56,969.33,74.82
20170409_234020,18.54,969.45,75.01
20170409_234050,18.53,969.07,75.04
20170409_234120,18.53,968.80,74.98
20170409_234150,18.52,968.55,75.22
20170409_234220,18.48,968.31,75.01
20170409_234250,18.45,968.28,74.78
20170409_234320,18.43,968.32,74.87
20170409_234350,18.43,968.34,74.79
20170409_234420,18.43,968.27,74.47
20170409_234450,18.42,968.13,74.76
20170409_234520,18.44,968.01,74.47
20170409_234550,18.44,968.07,74.40
20170409_234620,18.44,968.14,74.41
20170409_234651,18.45,968.16,74.28
20170409_234721,18.43,968.11,74.18
20170409_234751,18.42,968.17,74.04
20170409_234821,18.39,968.17,73.92
20170409_234851,18.39,968.11,74.00
20170409_234921,18.39,968.21,73.86
20170409_234951,18.37,968.15,73.85
20170409_235021,18.38,968.14,73.91
20170409_235051,18.36,968.11,74.02
20170409_235121,18.30,968.11,74.47
20170409_235151,18.32,968.14,74.32
20170409_235221,18.32,968.18,74.22
20170409_235251,18.31,968.16,74.20
20170409_235321,18.29,968.23,74.25
20170409_235351,18.31,968.18,74.27
20170409_235421,18.30,968.19,74.29
20170409_235451,18.28,968.17,74.37
20170409_235521,18.29,968.20,74.35
20170409_235551,18.29,968.18,74.42
20170409_235621,18.29,968.23,74.37
20170409_235651,18.28,968.18,74.36
20170409_235721,18.29,968.25,74.16
20170409_235751,18.29,968.24,74.07
20170409_235822,18.28,968.17,74.07
20170409_235852,18.27,968.09,74.18
20170409_235922,18.25,968.04,74.38
20170409_235952,18.26,968.07,74.48
20170410_000022,18.26,968.02,74.54
20170410_000052,18.26,968.02,74.63
20170410_000122,18.26,968.08,74.76
20170410_000152,18.26,968.09,74.91
20170410_000222,18.25,968.08,74.97
20170410_000252,18.25,968.09,75.01
20170410_000322,18.22,968.10,75.05
20170410_000352,18.20,968.02,75.13
20170410_000422,18.20,968.06,75.16
20170410_000452,18.22,968.09,75.20
20170410_000522,18.23,968.01,75.22
20170410_000552,18.24,968.03,75.22
20170410_000622,18.23,967.97,75.21
20170410_000652,18.23,967.90,75.18
20170410_000722,18.24,967.82,75.11
20170410_000752,18.23,967.79,75.20
20170410_000822,18.22,967.71,75.24
20170410_000852,18.22,967.57,75.29
20170410_000922,18.19,967.53,75.38
20170410_000953,18.19,967.47,75.30
20170410_001023,18.19,967.43,75.38
20170410_001053,18.13,967.41,75.63
20170410_001123,18.12,967.40,75.72
20170410_001153,18.06,967.38,75.81
20170410_001223,18.01,967.41,76.12
20170410_001253,17.93,967.42,76.51
20170410_001323,17.87,967.37,76.77
20170410_001353,17.84,967.48,76.91
20170410_001423,17.82,967.50,77.03
20170410_001453,17.75,967.55,77.30
20170410_001523,17.72,967.63,77.58
20170410_001553,17.68,967.65,77.93
20170410_001623,17.61,967.66,78.33
20170410_001653,17.57,967.66,78.56
20170410_001723,17.53,967.61,78.61
20170410_001753,17.55,967.67,78.36
20170410_001823,17.55,967.70,78.09
20170410_001853,17.55,967.84,78.12
20170410_001923,17.49,967.92,78.32
20170410_001953,17.39,967.96,78.96
20170410_002023,17.33,968.00,79.60
20170410_002053,17.27,967.99,79.90
20170410_002124,17.21,967.99,80.22
20170410_002154,17.17,968.04,80.27
20170410_002224,17.17,968.07,80.27
20170410_002254,17.13,968.05,80.52
20170410_002324,17.05,968.12,80.78
20170410_002354,16.99,968.14,81.05
20170410_002424,16.95,968.26,81.13
20170410_002454,16.94,968.31,81.29
20170410_002524,16.91,968.31,81.47
20170410_002554,16.89,968.27,81.32
20170410_002624,16.89,968.31,81.27
20170410_002654,16.91,968.28,81.01
20170410_002724,16.91,968.36,80.79
20170410_002754,16.88,968.39,80.78
20170410_002824,16.85,968.51,81.00
20170410_002854,16.83,968.49,80.93
20170410_002924,16.80,968.60,81.02
20170410_002954,16.82,968.60,80.56
20170410_003024,16.83,968.59,79.94
20170410_003054,16.84,968.56,79.74
20170410_003124,16.82,968.54,79.92
20170410_003154,16.79,968.46,79.98
20170410_003224,16.77,968.44,80.03
20170410_003255,16.75,968.55,80.14
20170410_003325,16.69,968.55,80.09
20170410_003355,16.69,968.64,80.17
20170410_003425,16.69,968.68,80.07
20170410_003455,16.65,968.64,80.21
20170410_003525,16.68,968.68,80.33
20170410_003555,16.62,968.66,80.33
20170410_003625,16.54,968.68,80.80
20170410_003655,16.58,968.68,80.66
20170410_003725,16.56,968.65,80.35
20170410_003755,16.57,968.72,79.91
20170410_003825,16.57,968.75,79.77
20170410_003855,16.54,968.73,79.80
20170410_003925,16.55,968.78,79.60
20170410_003955,16.55,968.83,79.32
20170410_004025,16.51,968.87,79.50
20170410_004055,16.51,968.95,79.54
20170410_004125,16.48,969.05,79.58
20170410_004155,16.49,969.04,79.72
20170410_004225,16.52,969.09,79.49
20170410_004255,16.43,969.13,80.13
20170410_004325,16.45,969.21,79.86
20170410_004356,16.42,969.30,79.96
20170410_004426,16.42,969.35,80.00
20170410_004456,16.40,969.47,80.27
20170410_004526,16.34,969.43,80.19
20170410_004556,16.33,969.54,80.10
20170410_004626,16.30,969.67,80.04
20170410_004656,16.29,969.75,80.11
20170410_004726,16.30,969.78,80.16
20170410_004756,16.28,969.81,80.24
20170410_004826,16.25,969.77,80.28
20170410_004856,16.25,969.86,80.27
20170410_004926,16.24,969.84,80.26
20170410_004956,16.21,969.81,80.35
20170410_005026,16.21,969.78,80.43
20170410_005056,16.18,969.72,80.54
20170410_005126,16.18,969.80,80.46
20170410_005156,16.19,969.88,80.36
20170410_005226,16.16,969.79,80.44
20170410_005256,16.16,969.80,80.50
20170410_005326,16.16,969.89,80.44
20170410_005356,16.16,969.91,80.54
20170410_005426,16.15,970.01,80.70
20170410_005456,16.13,970.10,80.67
20170410_005526,16.10,970.12,80.91
20170410_005557,16.12,970.09,80.91
20170410_005627,16.10,970.04,80.78
20170410_005657,16.09,970.09,80.80
20170410_005727,16.09,970.09,80.78
20170410_005757,16.06,970.16,80.80
20170410_005827,16.05,970.17,80.76
20170410_005857,16.03,970.21,80.83
20170410_005927,16.02,970.26,80.74
20170410_005957,16.02,970.24,80.73
20170410_010027,16.00,970.25,80.83
20170410_010057,15.97,970.31,80.94
20170410_010127,15.91,970.26,81.09
20170410_010157,15.89,970.24,81.18
20170410_010227,15.87,970.30,81.35
20170410_010257,15.84,970.25,81.44
20170410_010327,15.84,970.29,81.47
20170410_010357,15.81,970.25,81.63
20170410_010427,15.78,970.24,81.90
20170410_010457,15.75,970.21,81.91
20170410_010527,15.75,970.22,81.94
20170410_010557,15.73,970.28,82.01
20170410_010627,15.73,970.28,82.02
20170410_010658,15.72,970.28,81.97
20170410_010728,15.69,970.25,82.07
20170410_010758,15.68,970.19,82.12
20170410_010828,15.69,970.19,82.05
20170410_010858,15.69,970.17,82.03
20170410_010928,15.70,970.22,81.98
20170410_010958,15.71,970.19,82.03
20170410_011028,15.69,970.16,82.09
20170410_011058,15.68,970.15,82.15
20170410_011128,15.68,970.07,82.15
20170410_011158,15.69,970.13,82.12
20170410_011228,15.68,970.11,82.02
20170410_011258,15.68,970.08,81.98
20170410_011328,15.68,970.04,82.09
20170410_011358,15.66,970.01,82.19
20170410_011428,15.66,970.06,82.21
20170410_011458,15.63,970.04,82.33
20170410_011528,15.65,970.02,82.25
20170410_011558,15.67,970.05,82.01
20170410_011628,15.68,970.11,81.93
20170410_011658,15.67,970.12,81.90
20170410_011728,15.67,970.20,81.94
20170410_011758,15.66,970.32,81.87
20170410_011828,15.68,970.31,81.83
20170410_011859,15.68,970.39,81.71
20170410_011929,15.69,970.44,81.66
20170410_011959,15.68,970.49,81.79
20170410_012029,15.68,970.46,81.92
20170410_012059,15.68,970.53,81.92
20170410_012129,15.65,970.50,82.10
20170410_012159,15.64,970.63,82.16
20170410_012229,15.63,970.73,82.19
20170410_012259,15.62,970.71,82.20
20170410_012329,15.59,970.77,82.26
20170410_012359,15.59,970.75,82.25
20170410_012429,15.59,970.79,82.25
20170410_012459,15.58,970.90,82.26
20170410_012529,15.57,970.81,82.18
20170410_012559,15.57,970.84,82.10
20170410_012629,15.58,970.78,81.98
20170410_012659,15.59,970.70,81.90
20170410_012729,15.61,970.64,81.80
20170410_012759,15.61,970.59,81.76
20170410_012829,15.63,970.57,81.38
20170410_012859,15.62,970.52,81.13
20170410_012929,15.63,970.60,81.00
20170410_012959,15.63,970.66,81.04
20170410_013030,15.63,970.73,81.04
20170410_013100,15.61,970.86,80.83
20170410_013130,15.63,971.08,80.49
20170410_013200,15.62,971.29,80.32
20170410_013230,15.60,971.46,80.20
20170410_013300,15.60,971.58,80.09
20170410_013330,15.57,971.58,80.28
20170410_013400,15.57,971.66,80.30
20170410_013430,15.58,971.61,80.20
20170410_013500,15.55,971.64,80.14
20170410_013530,15.54,971.50,80.00
20170410_013600,15.50,971.52,79.89
20170410_013630,15.48,971.48,79.65
20170410_013700,15.47,971.41,79.63
20170410_013730,15.46,971.32,79.20
20170410_013800,15.47,971.10,78.98
20170410_013830,15.49,970.93,78.91
20170410_013900,15.48,970.87,78.88
20170410_013930,15.48,970.89,78.86
20170410_014000,15.46,970.90,78.76
20170410_014030,15.47,971.08,78.83
20170410_014100,15.44,971.29,79.03
20170410_014130,15.42,971.38,79.34
20170410_014201,15.40,971.40,79.65
20170410_014231,15.38,971.38,79.72
20170410_014301,15.36,971.40,79.50
20170410_014331,15.33,971.41,79.55
20170410_014401,15.33,971.51,79.35
20170410_014431,15.33,971.51,79.40
20170410_014501,15.31,971.49,79.48
20170410_014531,15.29,971.47,79.78
20170410_014601,15.29,971.51,79.94
20170410_014631,15.29,971.66,79.68
20170410_014701,15.28,971.91,79.93
20170410_014731,15.24,972.00,80.39
20170410_014801,15.21,972.13,80.87
20170410_014831,15.16,972.05,81.36
20170410_014901,15.15,971.95,81.08
20170410_014931,15.17,971.68,80.98
20170410_015001,15.12,971.35,80.58
20170410_015031,15.14,971.29,79.75
20170410_015101,15.17,971.23,79.43
20170410_015131,15.15,971.25,79.56
20170410_015201,15.15,971.27,79.42
20170410_015231,15.18,971.38,79.46
20170410_015301,15.15,971.48,79.61
20170410_015332,15.14,971.64,79.84
20170410_015402,15.15,971.92,79.99
20170410_015432,15.12,972.02,80.53
20170410_015502,15.09,972.17,80.90
20170410_015532,15.05,972.26,81.16
20170410_015602,14.99,972.32,81.86
20170410_015632,14.98,972.13,82.11
20170410_015702,14.94,971.63,82.58
20170410_015732,14.95,971.26,82.39
20170410_015802,14.97,971.06,81.88
20170410_015832,14.99,970.76,81.59
20170410_015902,14.96,970.55,81.57
20170410_015932,14.98,970.31,81.43
20170410_020002,14.93,970.01,82.03
20170410_020032,14.87,969.73,81.65
20170410_020102,14.89,969.40,81.56
20170410_020132,14.85,968.99,80.81
20170410_020202,14.79,968.85,81.25
20170410_020232,14.76,968.58,81.08
20170410_020302,14.70,968.33,81.11
20170410_020332,14.59,968.14,81.84
20170410_020402,14.53,967.72,82.69
20170410_020432,14.48,967.48,83.20
20170410_020503,14.50,967.18,83.63
20170410_020533,14.49,967.20,83.45
20170410_020603,14.50,967.14,83.56
20170410_020633,14.45,967.06,83.88
20170410_020703,14.46,966.91,83.66
20170410_020733,14.45,967.12,83.96
20170410_020803,14.46,966.98,84.00
20170410_020833,14.43,966.72,84.12
20170410_020903,14.43,966.56,83.98
20170410_020933,14.46,966.59,84.02
20170410_021003,14.48,966.56,83.84
20170410_021033,14.49,966.46,84.25
20170410_021103,14.49,966.65,84.21
20170410_021133,14.52,966.80,83.91
20170410_021203,14.53,966.98,83.89
20170410_021233,14.55,967.12,83.81
20170410_021303,14.53,967.08,83.36
20170410_021333,14.48,967.24,83.88
20170410_021403,14.41,967.25,84.14
20170410_021433,14.39,967.32,83.85
20170410_021503,14.41,967.26,83.29
20170410_021533,14.47,967.35,82.27
20170410_021603,14.53,967.35,81.09
20170410_021634,14.56,967.46,80.83
20170410_021704,14.60,967.46,80.75
20170410_021734,14.63,967.71,80.90
20170410_021804,14.67,968.00,81.00
20170410_021834,14.64,968.29,81.38
20170410_021904,14.62,968.49,81.55
20170410_021934,14.62,968.66,81.70
20170410_022004,14.63,968.87,81.47
20170410_022034,14.60,968.97,81.67
20170410_022104,14.53,969.20,82.51
20170410_022134,14.50,969.39,82.64
20170410_022204,14.45,969.38,83.40
20170410_022234,14.38,969.69,83.94
20170410_022304,14.34,969.69,83.92
20170410_022334,14.34,969.77,83.57
20170410_022404,14.32,969.75,83.79
20170410_022434,14.26,969.77,84.11
20170410_022504,14.25,969.72,83.68
20170410_022534,14.22,969.48,83.83
20170410_022604,14.23,969.51,83.60
20170410_022634,14.22,969.55,83.83
20170410_022704,14.18,969.73,83.16
20170410_022734,14.12,969.87,82.71
20170410_022805,14.07,970.00,82.65
20170410_022835,14.04,970.08,82.73
20170410_022905,14.00,970.19,82.82
20170410_022935,13.93,970.32,83.16
20170410_023005,13.90,970.29,83.20
20170410_023035,13.87,970.27,83.24
20170410_023105,13.89,970.26,83.08
20170410_023135,13.90,970.22,83.84
20170410_023205,13.92,970.23,83.80
20170410_023235,13.91,970.22,83.53
20170410_023305,13.88,970.27,83.82
20170410_023335,13.88,970.34,83.60
20170410_023405,13.89,970.44,83.83
20170410_023435,13.91,970.48,83.84
20170410_023505,13.92,970.54,83.94
20170410_023535,13.89,970.50,84.24
20170410_023605,13.90,970.51,84.35
20170410_023635,13.89,970.51,84.24
20170410_023705,13.91,970.50,84.22
20170410_023735,13.90,970.61,84.43
20170410_023805,13.88,970.60,84.06
20170410_023835,13.85,970.62,83.94
20170410_023905,13.86,970.70,83.83
20170410_023936,13.86,970.76,83.74
20170410_024006,13.84,970.73,83.62
20170410_024036,13.84,970.77,83.66
20170410_024106,13.84,970.76,83.63
20170410_024136,13.83,970.77,83.51
20170410_024206,13.80,970.84,83.41
20170410_024236,13.80,970.86,83.48
20170410_024306,13.78,970.80,83.52
20170410_024336,13.77,970.83,83.47
20170410_024406,13.73,970.82,83.71
20170410_024436,13.70,970.86,84.02
20170410_024506,13.70,970.83,84.01
20170410_024536,13.68,970.92,84.04
20170410_024606,13.65,970.92,83.90
20170410_024636,13.64,970.96,83.74
20170410_024706,13.61,970.98,83.63
20170410_024736,13.62,970.99,83.57
20170410_024806,13.60,970.99,83.26
20170410_024836,13.56,971.00,83.36
20170410_024906,13.57,970.97,83.37
20170410_024937,13.57,971.05,83.41
20170410_025007,13.54,971.07,83.60
20170410_025037,13.52,971.04,83.61
20170410_025107,13.49,971.08,83.73
20170410_025137,13.50,971.13,83.83
20170410_025207,13.48,971.14,84.14
20170410_025237,13.45,971.16,84.42
20170410_025307,13.44,971.15,84.66
20170410_025337,13.37,971.16,84.70
20170410_025407,13.34,971.17,84.69
20170410_025437,13.31,971.16,84.45
20170410_025507,13.28,971.20,84.41
20170410_025537,13.28,971.18,84.46
20170410_025607,13.27,971.19,84.33
20170410_025637,13.27,971.18,84.12
20170410_025707,13.28,971.21,83.75
20170410_025737,13.25,971.21,83.62
20170410_025807,13.26,971.24,83.74
20170410_025837,13.26,971.22,83.90
20170410_025907,13.26,971.19,83.93
20170410_025937,13.27,971.28,83.94
20170410_030008,13.27,971.26,83.90
20170410_030038,13.29,971.27,83.92
20170410_030108,13.27,971.28,84.02
20170410_030138,13.27,971.23,84.09
20170410_030208,13.26,971.27,83.81
20170410_030238,13.25,971.21,83.69
20170410_030308,13.25,971.18,83.71
20170410_030338,13.26,971.20,83.78
20170410_030408,13.26,971.25,83.92
20170410_030438,13.21,971.22,83.92
20170410_030508,13.21,971.26,83.88
20170410_030538,13.21,971.25,83.99
20170410_030608,13.21,971.28,84.03
20170410_030638,13.20,971.28,83.94
20170410_030708,13.20,971.30,83.92
20170410_030738,13.18,971.38,83.86
20170410_030808,13.15,971.30,84.01
20170410_030838,13.14,971.41,84.05
20170410_030908,13.13,971.36,84.06
20170410_030938,13.15,971.33,84.14
20170410_031008,13.14,971.36,84.25
20170410_031038,13.10,971.39,84.35
20170410_031109,13.08,971.32,84.20
20170410_031139,13.08,971.34,84.15
20170410_031209,13.06,971.31,84.08
20170410_031239,13.04,971.35,84.02
20170410_031309,13.04,971.43,83.99
20170410_031339,13.04,971.44,84.01
20170410_031409,13.03,971.42,84.22
20170410_031439,13.00,971.43,84.30
20170410_031509,12.99,971.40,84.36
20170410_031539,12.98,971.42,84.33
20170410_031609,12.94,971.43,84.43
20170410_031639,12.92,971.42,84.44
20170410_031709,12.91,971.45,84.51
20170410_031739,12.88,971.44,84.54
20170410_031809,12.87,971.44,84.45
20170410_031839,12.86,971.47,84.47
20170410_031909,12.86,971.41,84.29
20170410_031939,12.83,971.42,84.36
20170410_032009,12.80,971.43,84.34
20170410_032039,12.79,971.42,84.14
20170410_032109,12.78,971.42,84.20
20170410_032139,12.76,971.39,84.21
20170410_032210,12.75,971.42,84.16
20170410_032240,12.73,971.44,84.14
20170410_032310,12.72,971.43,84.04
20170410_032340,12.71,971.48,84.06
20170410_032410,12.68,971.43,84.13
20170410_032440,12.65,971.42,84.13
20170410_032510,12.64,971.43,84.32
20170410_032540,12.62,971.41,84.17
20170410_032610,12.59,971.45,84.28
20170410_032640,12.59,971.39,84.29
20170410_032710,12.57,971.44,84.36
20170410_032740,12.54,971.40,84.56
20170410_032810,12.52,971.44,84.63
20170410_032840,12.52,971.42,84.64
20170410_032910,12.50,971.40,84.67
20170410_032940,12.50,971.39,84.65
20170410_033010,12.50,971.42,84.55
20170410_033040,12.48,971.42,84.54
20170410_033110,12.45,971.34,84.56
20170410_033140,12.43,971.36,84.52
20170410_033210,12.43,971.39,84.50
20170410_033240,12.40,971.37,84.41
20170410_033311,12.39,971.45,84.47
20170410_033341,12.38,971.45,84.40
20170410_033411,12.39,971.42,84.54
20170410_033441,12.39,971.41,84.83
20170410_033511,12.38,971.43,85.12
20170410_033541,12.35,971.46,85.68
20170410_033611,12.30,971.46,85.74
20170410_033641,12.26,971.42,85.54
20170410_033711,12.27,971.44,85.77
20170410_033741,12.24,971.43,85.80
20170410_033811,12.24,971.47,85.92
20170410_033841,12.20,971.44,85.79
20170410_033911,12.21,971.45,85.77
20170410_033941,12.20,971.50,86.39
20170410_034011,12.16,971.49,86.29
20170410_034041,12.12,971.52,86.84
20170410_034111,12.11,971.49,86.90
20170410_034141,12.08,971.52,86.57
20170410_034211,12.06,971.59,86.48
20170410_034241,12.03,971.54,86.55
20170410_034311,11.99,971.59,86.51
20170410_034341,11.93,971.60,86.63
20170410_034412,11.95,971.66,86.66
20170410_034442,11.96,971.65,86.58
20170410_034512,11.94,971.71,86.40
20170410_034542,11.93,971.67,86.25
20170410_034612,11.90,971.70,86.16
20170410_034642,11.87,971.74,86.02
20170410_034712,11.88,971.76,85.93
20170410_034742,11.87,971.80,85.91
20170410_034812,11.88,971.80,85.80
20170410_034842,11.86,971.78,85.74
20170410_034912,11.84,971.84,85.84
20170410_034942,11.83,971.81,85.79
20170410_035012,11.82,971.85,85.81
20170410_035042,11.82,971.90,85.78
20170410_035112,11.80,971.90,85.83
20170410_035142,11.81,971.98,85.78
20170410_035212,11.81,971.89,85.79
20170410_035242,11.79,971.99,85.89
20170410_035312,11.78,972.02,85.92
20170410_035342,11.77,972.03,85.93
20170410_035412,11.78,972.03,85.92
20170410_035442,11.77,972.06,86.06
20170410_035513,11.75,972.13,86.08
20170410_035543,11.72,972.09,86.09
20170410_035613,11.66,972.11,86.29
20170410_035643,11.67,972.11,86.29
20170410_035713,11.63,972.10,86.34
20170410_035743,11.60,972.13,86.44
20170410_035813,11.57,972.16,86.44
20170410_035843,11.56,972.19,86.47
20170410_035913,11.53,972.21,86.59
20170410_035943,11.51,972.20,86.59
20170410_040013,11.49,972.17,86.62
20170410_040043,11.49,972.18,86.61
20170410_040113,11.48,972.19,86.67
20170410_040143,11.45,972.12,86.75
20170410_040213,11.44,972.12,86.85
20170410_040243,11.43,972.22,86.87
20170410_040313,11.42,972.14,86.99
20170410_040343,11.41,972.18,87.03
20170410_040413,11.40,972.20,87.02
20170410_040443,11.39,972.15,87.08
20170410_040513,11.37,972.12,87.07
20170410_040543,11.37,972.16,87.09
20170410_040614,11.33,972.12,87.19
20170410_040644,11.34,972.15,87.17
20170410_040714,11.32,972.11,87.24
20170410_040744,11.28,972.12,87.05
20170410_040814,11.24,972.10,87.12
20170410_040844,11.20,972.11,87.36
20170410_040914,11.19,972.17,87.49
20170410_040944,11.19,972.11,87.47
20170410_041014,11.18,972.11,87.63
20170410_041044,11.19,972.10,87.68
20170410_041114,11.17,972.07,87.80
20170410_041144,11.17,972.05,87.92
20170410_041214,11.18,972.02,87.93
20170410_041244,11.17,972.00,87.91
20170410_041314,11.17,972.05,87.89
20170410_041344,11.16,972.03,87.93
20170410_041414,11.14,972.00,87.97
20170410_041444,11.12,972.02,88.04
20170410_041514,11.10,972.04,88.10
20170410_041544,11.10,972.00,88.15
20170410_041614,11.12,972.05,88.11
20170410_041644,11.12,972.02,88.08
20170410_041715,11.12,972.04,88.02
20170410_041745,11.11,972.05,88.13
20170410_041815,11.10,972.09,88.13
20170410_041845,11.13,972.05,88.09
20170410_041915,11.11,971.98,88.13
20170410_041945,11.10,972.00,88.09
20170410_042015,11.10,972.07,88.18
20170410_042045,11.09,971.98,88.18
20170410_042115,11.08,972.02,88.23
20170410_042145,11.07,972.04,88.20
20170410_042215,11.05,972.08,88.26
20170410_042245,11.02,972.01,88.35
20170410_042315,11.01,972.01,88.42
20170410_042345,11.00,972.02,88.44
20170410_042415,11.00,971.98,88.40
20170410_042445,10.99,971.97,88.45
20170410_042515,11.00,971.98,88.39
20170410_042545,11.00,971.98,88.38
20170410_042615,10.99,972.00,88.36
20170410_042645,10.98,972.03,88.36
20170410_042715,10.95,971.99,88.41
20170410_042745,10.97,972.03,88.38
20170410_042816,10.97,972.08,88.38
20170410_042846,10.97,972.11,88.36
20170410_042916,10.93,972.12,88.42
20170410_042946,10.91,972.11,88.54
20170410_043016,10.91,972.11,88.47
20170410_043046,10.89,972.21,88.52
20170410_043116,10.86,972.16,88.64
20170410_043146,10.83,972.18,88.50
20170410_043216,10.80,972.16,88.56
20170410_043246,10.76,972.15,88.61
20170410_043316,10.77,972.17,88.80
20170410_043346,10.77,972.18,88.86
20170410_043416,10.76,972.17,88.94
20170410_043446,10.75,972.17,89.09
20170410_043516,10.72,972.14,89.21
20170410_043546,10.70,972.12,89.25
20170410_043616,10.69,972.12,89.14
20170410_043646,10.68,972.07,89.14
20170410_043716,10.68,972.11,89.25
20170410_043746,10.69,972.10,89.33
20170410_043816,10.70,972.09,89.32
20170410_043846,10.70,972.16,89.40
20170410_043916,10.69,972.10,89.43
20170410_043947,10.70,972.09,89.37
20170410_044017,10.71,972.14,89.41
20170410_044047,10.71,972.16,89.39
20170410_044117,10.70,972.14,89.31
20170410_044147,10.70,972.14,89.26
20170410_044217,10.71,972.20,89.16
20170410_044247,10.70,972.17,89.04
20170410_044317,10.71,972.21,88.86
20170410_044347,10.70,972.27,88.79
20170410_044417,10.69,972.27,88.78
20170410_044447,10.69,972.28,88.83
20170410_044517,10.67,972.26,88.88
20170410_044547,10.67,972.25,88.78
20170410_044617,10.66,972.24,88.87
20170410_044647,10.66,972.31,88.77
20170410_044717,10.63,972.29,88.69
20170410_044747,10.62,972.26,88.68
20170410_044817,10.61,972.27,88.61
20170410_044847,10.56,972.32,88.71
20170410_044917,10.57,972.33,88.79
20170410_044947,10.57,972.31,88.84
20170410_045017,10.55,972.35,89.00
20170410_045048,10.54,972.29,89.13
20170410_045118,10.56,972.30,89.20
20170410_045148,10.59,972.29,89.10
20170410_045218,10.57,972.23,89.23
20170410_045248,10.58,972.28,89.22
20170410_045318,10.57,972.24,89.31
20170410_045348,10.57,972.26,89.45
20170410_045418,10.58,972.29,89.43
20170410_045448,10.59,972.24,89.41
20170410_045518,10.60,972.23,89.45
20170410_045548,10.61,972.25,89.52
20170410_045618,10.63,972.25,89.52
20170410_045648,10.64,972.29,89.48
20170410_045718,10.67,972.26,89.45
20170410_045748,10.70,972.32,89.32
20170410_045818,10.72,972.30,89.29
20170410_045848,10.71,972.30,89.23
20170410_045918,10.72,972.30,89.18
20170410_045948,10.73,972.34,89.10
20170410_050018,10.73,972.32,89.06
20170410_050048,10.73,972.27,89.07
20170410_050118,10.73,972.30,89.11
20170410_050149,10.73,972.27,89.12
20170410_050219,10.72,972.23,89.09
20170410_050249,10.73,972.23,89.06
20170410_050319,10.73,972.25,89.10
20170410_050349,10.74,972.26,89.08
20170410_050419,10.74,972.20,89.08
20170410_050449,10.75,972.23,89.02
20170410_050519,10.76,972.23,88.98
20170410_050549,10.75,972.23,89.11
20170410_050619,10.74,972.19,89.21
20170410_050649,10.75,972.22,89.13
20170410_050719,10.75,972.18,89.08
20170410_050749,10.75,972.20,89.07
20170410_050819,10.74,972.22,89.13
20170410_050849,10.74,972.21,89.25
20170410_050919,10.74,972.23,89.19
20170410_050949,10.75,972.24,89.13
20170410_051019,10.74,972.23,89.15
20170410_051049,10.73,972.26,89.13
20170410_051119,10.71,972.28,89.08
20170410_051149,10.71,972.31,89.04
20170410_051219,10.70,972.29,89.06
20170410_051250,10.69,972.33,89.07
20170410_051320,10.70,972.29,88.98
20170410_051350,10.69,972.32,89.00
20170410_051420,10.70,972.31,88.93
20170410_051450,10.67,972.26,89.04
20170410_051520,10.66,972.24,89.07
20170410_051550,10.64,972.22,89.11
20170410_051620,10.64,972.19,89.02
20170410_051650,10.64,972.16,88.94
20170410_051720,10.63,972.13,88.83
20170410_051750,10.62,972.15,89.01
20170410_051820,10.61,972.16,89.07
20170410_051850,10.58,972.13,88.95
20170410_051920,10.57,972.14,89.48
20170410_051950,10.56,972.18,89.17
20170410_052020,10.54,972.17,89.01
20170410_052050,10.50,972.11,89.07
20170410_052120,10.51,972.07,89.07
20170410_052150,10.51,972.13,89.11
20170410_052220,10.48,972.05,89.31
20170410_052250,10.50,972.05,89.46
20170410_052320,10.46,971.99,89.74
20170410_052351,10.47,972.06,89.86
20170410_052421,10.47,972.03,90.19
20170410_052451,10.43,972.05,89.85
20170410_052521,10.40,972.02,90.03
20170410_052551,10.38,972.03,90.29
20170410_052621,10.37,971.96,90.13
20170410_052651,10.37,972.03,90.27
20170410_052721,10.40,971.94,90.13
20170410_052751,10.40,971.91,90.26
20170410_052821,10.44,971.99,90.07
20170410_052851,10.44,971.98,89.87
20170410_052921,10.42,972.02,89.73
20170410_052951,10.41,971.94,90.08
20170410_053021,10.41,971.96,90.21
20170410_053051,10.40,971.96,90.24
20170410_053121,10.40,971.92,90.67
20170410_053151,10.41,971.91,90.42
20170410_053221,10.39,971.93,90.23
20170410_053251,10.37,971.90,89.96
20170410_053321,10.37,971.95,90.54
20170410_053351,10.37,971.95,90.67
20170410_053421,10.37,971.95,90.90
20170410_053451,10.38,972.02,90.67
20170410_053522,10.36,972.04,90.56
20170410_053552,10.32,972.03,90.81
20170410_053622,10.32,972.06,91.10
20170410_053652,10.34,972.16,90.79
20170410_053722,10.31,972.18,91.23
20170410_053752,10.33,972.24,90.90
20170410_053822,10.32,972.28,90.54
20170410_053852,10.30,972.26,90.63
20170410_053922,10.28,972.34,90.31
20170410_053952,10.28,972.36,90.32
20170410_054022,10.26,972.36,90.13
20170410_054052,10.25,972.38,90.08
20170410_054122,10.24,972.41,90.08
20170410_054152,10.23,972.41,90.10
20170410_054222,10.22,972.46,90.07
20170410_054252,10.21,972.49,90.12
20170410_054322,10.21,972.50,90.17
20170410_054352,10.20,972.55,90.17
20170410_054422,10.17,972.55,90.36
20170410_054452,10.16,972.50,90.31
20170410_054522,10.15,972.55,90.30
20170410_054552,10.17,972.54,90.22
20170410_054623,10.17,972.54,90.22
20170410_054653,10.17,972.59,90.26
20170410_054723,10.17,972.53,90.28
20170410_054753,10.19,972.53,90.17
20170410_054823,10.18,972.51,90.12
20170410_054853,10.17,972.51,90.18
20170410_054923,10.15,972.54,90.27
20170410_054953,10.15,972.52,90.26
20170410_055023,10.13,972.50,90.38
20170410_055053,10.13,972.51,90.42
20170410_055123,10.11,972.49,90.38
20170410_055153,10.09,972.59,90.45
20170410_055223,10.08,972.48,90.53
20170410_055253,10.08,972.48,90.55
20170410_055323,10.09,972.48,90.58
20170410_055353,10.10,972.50,90.51
20170410_055423,10.10,972.57,90.50
20170410_055453,10.06,972.59,90.60
20170410_055523,10.08,972.52,90.55
20170410_055553,10.07,972.54,90.58
20170410_055623,10.07,972.55,90.64
20170410_055653,10.08,972.58,90.57
20170410_055724,10.10,972.58,90.43
20170410_055754,10.09,972.64,90.51
20170410_055824,10.10,972.64,90.45
20170410_055854,10.10,972.67,90.45
20170410_055924,10.11,972.68,90.40
20170410_055954,10.11,972.68,90.43
20170410_060024,10.13,972.66,90.34
20170410_060054,10.10,972.73,90.41
20170410_060124,10.12,972.72,90.33
20170410_060154,10.13,972.72,90.29
